-0.10375845432281494
-0.21975643932819366
-0.2231592833995819
-0.2640419006347656
-0.2027025669813156
-0.132798969745636
-0.0903666540980339
-0.06570600718259811
-0.05220191925764084
-0.05006377771496773
-0.04462086781859398
-0.03944839537143707
-0.034761447459459305
-0.03459446132183075
-0.03572838753461838
-0.032789263874292374
-0.029499411582946777
-0.02456061728298664
-0.02144237793982029
-0.01958654075860977
-0.017296478152275085
-0.0162951797246933
-0.015065411105751991
-0.014206799678504467
-0.013208212330937386
-0.012837720103561878
-0.012295112945139408
-0.012096935883164406
-0.012048603035509586
-0.011860812082886696
-0.011621465906500816
-0.01148969866335392
-0.01118783000856638
-0.010753894224762917
-0.010300766676664352
-0.01005783025175333
-0.009807483293116093
-0.009392155334353447
-0.008676823228597641
-0.008233042433857918
-0.00733035197481513
-0.007102086674422026
-0.006673344410955906
-0.006149634253233671
-0.006271752994507551
-0.006345896515995264
-0.00614501116797328
-0.0060685849748551846
-0.005918846465647221
-0.005747474264353514
-0.003637637011706829
0.0029580320697277784
0.007675601169466972
0.015411455184221268
0.014517390169203281
0.010284342803061008
0.006896306294947863
0.004779429640620947
0.0036684523802250624
0.004254447296261787
0.004060819745063782
0.0037570639979094267
0.0033181856852024794
0.00393007742241025
0.004974452778697014
0.004910341463983059
0.004316903185099363
0.003183696884661913
0.002527834614738822
0.0021876641549170017
0.0014994567027315497
0.001482623745687306
0.0011688780505210161
0.001065092976205051
0.0008625657646916807
0.0008885047282092273
0.001070476369932294
0.001266997423954308
0.0015622114297002554
0.0016478396719321609
0.0017053131014108658
0.0018350599566474557
0.0018238404300063848
0.001759413629770279
0.0016946119721978903
0.0017312058480456471
0.00170904363039881
0.001628975267522037
0.0012449065688997507
0.0010505116079002619
0.0005457554361782968
0.0004990444285795093
0.00033414128120057285
-3.202374864486046e-05
0.00022993380844127387
0.00019266418530605733
0.00012615229934453964
0.00012280001828912646
0.00011633696703938767
4.1218892874894664e-05
0.00021915274555794895
0.0003392868093214929
0.00023187420447357
0.0003320187679491937
0.0003621762152761221
0.00027823972050100565
0.00034506033989600837
0.0003777109377551824
0.0003609049308579415
0.00042251485865563154
0.0003208097768947482
0.0003504944033920765
0.00048610850353725255
0.0004870340635534376
0.00045675819274038076
0.00033882848219946027
0.00042781414231285453
0.000394106114981696
0.0003279012453276664
0.0003759571409318596
0.000588989641983062
0.00047606005682609975
0.0005896077491343021
0.0005713151767849922
0.0005566491163335741
0.0005780768115073442
0.0003594648151192814
0.0002984551538247615
0.00023783015785738826
0.0002696407027542591
1.6105808754218742e-05
0.00013832126569468528
0.00037829115171916783
0.00045978440903127193
0.0007844849023967981
0.0007920549833215773
0.0007787942886352539
0.0006827545585110784
0.0005384514224715531
0.0006036533159203827
0.00040975213050842285
0.00048668193630874157
0.00043030513916164637
0.00043924240162596107
0.0004295135149732232
0.0006641236832365394
0.0006697718636132777
0.0006933300173841417
0.0006300555542111397
0.0006463052704930305
0.0004581245011650026
0.00044997138320468366
0.0004457117465790361
0.0003191700961906463
0.0003401402209419757
0.00033054081723093987
0.00032167561585083604
0.0002647822257131338
0.00034193068859167397
0.00029786291997879744
0.0002065173612209037
0.00016979539941530675
6.478936847997829e-05
0.00023213669192045927
0.00038188512553460896
0.0003172221768181771
0.0003257002681493759
0.00021226306853350252
0.00028483555070124567
0.0002720522170420736
0.00017593178199604154
0.00023183971643447876
0.0002392744063399732
0.000188563164556399
0.00023685736232437193
0.00033652863930910826
0.000378106051357463
0.00038219912676140666
0.0004270607023499906
0.00045512604992836714
0.0006589003023691475
0.000600873667281121
0.00038802268682047725
0.0003362024435773492
-1.3183093869884033e-05
3.0622333724750206e-05
6.099203528719954e-05
0.00016924804367590696
0.00027093998505733907
0.0002380579971941188
0.0002971668145619333
0.00022159521176945418
0.0002329648850718513
0.0003045080229640007
0.0002518471155781299
0.0002811289159581065
0.00036982246092520654
0.00040901440661400557
0.0003696196072269231
0.000449996703537181
0.0005827475106343627
0.0004691382055170834
0.0005004762788303196
0.0005800138460472226
0.000568085175473243
0.00047513816389255226
0.0005957239773124456
0.0006101370672695339
0.0005465966532938182
0.0005441289395093918
0.0007165816496126354
0.0007899744668975472
0.0007603413541801274
0.000551217352040112
0.0005087470053695142
0.0004925034590996802
0.0005011318135075271
0.0006158746546134353
0.000642174098175019
0.0006058141007088125
0.00042961869621649384
0.0005194450495764613
0.00044688142952509224
0.0005282055353745818
0.0005566455656662583
0.00048051701742224395
0.0005045724101364613
0.0005084490403532982
0.0003494244592729956
0.00031032972037792206
0.0003094668500125408
0.00023743326892144978
0.00022717926185578108
0.00010255928646074608
4.235695087118074e-05
-2.2405758500099182e-05
-0.00016139564104378223
-0.00018969870870932937
-6.35503965895623e-05
-7.041850767564029e-05
-2.971747790070367e-06
0.00011807450937340036
0.0001548746949993074
3.272569665568881e-05
8.885326678864658e-05
-8.339632768183947e-05
-0.00013179192319512367
-0.00023873716418165714
-0.00016807361680548638
-0.0001307717029703781
-0.00026545950095169246
-0.00016270916967187077
-0.00026836461620405316
-0.00033962077577598393
-0.00032635650131851435
-0.00021219938935246319
-0.0003243994724471122
-0.0003490079543553293
-0.00039400908281095326
-0.00043944004573859274
-0.000524817151017487
-0.0006464240723289549
-0.0007185412687249482
-0.0007126550190150738
-0.0007848966633901
-0.0007451336132362485
-0.0008877682266756892
-0.0009851495269685984
-0.0012505396734923124
-0.0013833839911967516
-0.0012030114885419607
-0.0012758502271026373
-0.001140371896326542
-0.0012371712364256382
-0.0012710009468719363
-0.0014526409795507789
-0.001644003321416676
-0.0017515388317406178
-0.0017335915472358465
-0.001727510243654251
-0.0016194137278944254
-0.0017288540257140994
-0.0017568104667589068
-0.0017467057332396507
-0.0017981324344873428
-0.0018598182359710336
-0.00178068270906806
-0.0016804480692371726
-0.0016766877379268408
-0.0016016256995499134
-0.0020274296402931213
-0.0021985454950481653
-0.0025780191645026207
-0.002599077532067895
-0.0028249365277588367
-0.0027095028199255466
-0.002758601913228631
-0.0026292121037840843
-0.0029601543210446835
-0.003278047312051058
-0.003671573707833886
-0.0033675970043987036
-0.0035470938310027122
-0.003442963818088174
-0.0035504328552633524
-0.003926682751625776
-0.004071052651852369
-0.004224568605422974
-0.004399256780743599
-0.004573559854179621
-0.004781789146363735
-0.005009347572922707
-0.005138420965522528
-0.005088801495730877
-0.0051667033694684505
-0.0052467696368694305
-0.005202016793191433
-0.00532654020935297
-0.005269788205623627
-0.005185781978070736
-0.005272394977509975
-0.005170541349798441
-0.005135074723511934
-0.0050537362694740295
-0.0050058066844940186
-0.004934371914714575
-0.004812533967196941
-0.004915399476885796
-0.005017386749386787
-0.0050851148553192616
-0.005242639686912298
-0.005220802500844002
-0.00508015975356102
-0.004914082121104002
-0.004741363227367401
-0.004417856689542532
-0.004234188236296177
-0.00436509121209383
-0.004706425126641989
-0.004961667116731405
-0.004713436122983694
-0.0049013965763151646
-0.004588231444358826
-0.004514080937951803
-0.004238971043378115
-0.004369610920548439
-0.0043324739672243595
-0.0044148946180939674
-0.004097730852663517
-0.0038441382348537445
-0.003556975396350026
-0.0036617976147681475
-0.0034727551974356174
-0.0035386846866458654
-0.0034417598508298397
-0.0030915644019842148
-0.0031348587945103645
-0.002971841022372246
-0.00265503884293139
-0.0022780608851462603
-0.0018170407274737954
-0.0017674375558272004
-0.0016049721743911505
-0.0016770134679973125
-0.0015218737535178661
-0.0013151823077350855
-0.0013632422778755426
-0.0010598115622997284
-0.0010001978371292353
-0.0007736000115983188
-0.0008124758023768663
-0.001008485327474773
-0.00104158790782094
-0.001007657963782549
-0.0011010539019480348
-0.0008711869595572352
-0.0007759660365991294
-0.0005340414354577661
-0.00035229450440965593
-0.00019545703253243119
-0.00013670521730091423
0.00015248656563926488
8.756540773902088e-05
7.88574106991291e-05
4.422459824127145e-05
-0.00014021249080542475
-0.0002424250269541517
-0.00017939468671102077
0.00017498164379503578
0.00036507099866867065
0.000634576310403645
0.0008905826834961772
0.0009683677926659584
0.0010573711479082704
0.0010290805948898196
0.0012594774598255754
0.0012980764731764793
0.0013596051139757037
0.0014328090474009514
0.0014457758516073227
0.0015900104772299528
0.0014335047453641891
0.0015773753402754664
0.0017027931753546
0.001810180488973856
0.0017152430955320597
0.001820823410525918
0.001760695711709559
0.001704197027720511
0.0015765371499583125
0.0015711013693362474
0.0017340111080557108
0.0018060053698718548
0.0018444048473611474
0.001870684907771647
0.0018103002803400159
0.0019442589255049825
0.001943745301105082
0.002028954215347767
0.001966973766684532
0.0022291401401162148
0.0022108734119683504
0.002219975460320711
0.002146786777302623
0.0022281974088400602
0.0019171591848134995
0.001868072897195816
0.0019127002451568842
0.002006057882681489
0.001907429308630526
0.002133925911039114
0.0020962052512913942
0.0020387580152601004
0.0019583103712648153
0.002011359203606844
0.0020800656639039516
0.0019578926730901003
0.002039761282503605
0.0020106625743210316
0.002014526631683111
0.0018798279343172908
0.0019717542454600334
0.0019539915956556797
0.0019362985622137785
0.0019461455522105098
0.001965060131624341
0.001954146195203066
0.001966903917491436
0.001980115659534931
0.001982597867026925
0.0020719936583191156
0.001927245524711907
0.0020811029244214296
0.0019484644290059805
0.0018418221734464169
0.0018606396624818444
0.001998330233618617
0.0020805050153285265
0.0021975880954414606
0.0022014202550053596
0.002095849486067891
0.0020755783189088106
0.002058628248050809
0.002167759696021676
0.002075435360893607
0.0019679253455251455
0.0021251027937978506
0.0019852598197758198
0.0020109503529965878
0.0019128218991681933
0.0017705673817545176
0.0019717917311936617
0.0018654447048902512
0.0019523092778399587
0.0019116620533168316
0.002225264208391309
0.0022136177867650986
0.0021685173269361258
0.0021194652654230595
0.002198129892349243
0.00209023361094296
0.0018872387008741498
0.0020423345267772675
0.002105371095240116
0.002058142563328147
0.0019705055747181177
0.0022439344320446253
0.002159434836357832
0.002073058392852545
0.0021438810508698225
0.0021407082676887512
0.0021310928277671337
0.002091796835884452
0.002135536167770624
0.002110111527144909
0.0021012781653553247
0.002087834058329463
0.0020905460696667433
0.0021160771138966084
0.002106294734403491
0.0021098048891872168
0.0021541020832955837
0.0020783012732863426
0.00206822925247252
0.002131836023181677
0.0021423499565571547
0.001993640558794141
0.0020483508706092834
0.0019999013748019934
0.001969632925465703
0.0019834814593195915
0.002218210371211171
0.0021755604539066553
0.0020838568452745676
0.002157420851290226
0.002214812906458974
0.0021774761844426394
0.0022221377585083246
0.002253988990560174
0.0023121482226997614
0.0023424439132213593
0.0023143577855080366
0.002327624009922147
0.002308749593794346
0.0023226027842611074
0.002076178789138794
0.002167866798117757
0.0021716838236898184
0.002232127822935581
0.0021927552297711372
0.0023402331862598658
0.002413359936326742
0.0023219643626362085
0.002296112710610032
0.0023028706200420856
0.0021811099722981453
0.001680708839558065
0.0015181729104369879
0.001576475566253066
0.0016996803460642695
0.001966841286048293
0.0017982367426156998
0.0018450894858688116
0.0017363820225000381
0.0018489331705495715
0.001751252799294889
0.001779873506166041
0.0017366533866152167
0.0017066688742488623
0.0017378603806719184
0.0017138043185696006
0.0019352886592969298
0.0017815310275182128
0.0017670857487246394
0.0017279949970543385
0.001774087781086564
0.0020417417399585247
0.001991328550502658
0.0019059379119426012
0.0019490214763209224
0.001983104972168803
0.0018397917738184333
0.0019337855046615005
0.0020215697586536407
0.0019714636728167534
0.002078719437122345
0.002284462796524167
0.0023140686098486185
0.0021381541155278683
0.0020058127120137215
0.0018339798552915454
0.001736984122544527
0.0017185345059260726
0.0017666282365098596
0.0018019332783296704
0.0021071527153253555
0.0020246640779078007
0.0019865157082676888
0.0018652845174074173
0.0018255276372656226
0.0015839609550312161
0.0016310947248712182
0.001571186468936503
0.0016259083058685064
0.0016419206513091922
0.0018412854988127947
0.002152737695723772
0.0023089267779141665
0.0023055155761539936
0.002111665206030011
0.0018778166268020868
0.002115183509886265
0.0020185133907943964
0.002081996761262417
0.002024794463068247
0.0019882172346115112
0.0017165089957416058
0.0016967135015875101
0.001770894043147564
0.00187770277261734
0.0019339623395353556
0.0017943119164556265
0.0016936662141233683
0.0016703655710443854
0.0016675160732120275
0.0016552431043237448
0.0016329374630004168
0.0016637933440506458
0.0017064516432583332
0.0017040297389030457
0.0017069971654564142
0.0018610471161082387
0.001797375618480146
0.0016983667155727744
0.0016231139888986945
0.0015068332431837916
0.0011971062049269676
0.0012344076531007886
0.0013640887336805463
0.00149349810089916
0.0016608914593234658
0.001618299400433898
0.0016800194280222058
0.0015975100686773658
0.0016125431284308434
0.001455205027014017
0.001510192989371717
0.001472146832384169
0.0014684222405776381
0.0015325340209528804
0.0016491235001012683
0.0016482872888445854
0.001805430743843317
0.0017212745733559132
0.0016578745562583208
0.0014437346253544092
0.0017202016897499561
0.00171593704726547
0.0016853559063747525
0.001630593789741397
0.0016758543206378818
0.001573906047269702
0.0016714853700250387
0.0015962591860443354
0.0014852823223918676
0.0015905037289485335
0.0018218979239463806
0.0019478086614981294
0.0017889378359541297
0.0016153076430782676
0.0013539907522499561
0.0011231928365305066
0.001306801801547408
0.001400822657160461
0.0014927260344848037
0.001574964146129787
0.0015178947942331433
0.0013321632286533713
0.0011337808100506663
0.001204942585900426
0.0012277769856154919
0.001100951456464827
0.0010908012045547366
0.0011246302165091038
0.0011806788388639688
0.0013245925074443221
0.0014567470643669367
0.0013779359869658947
0.0013008459936827421
0.0012289052829146385
0.0012151324190199375
0.0013992739841341972
0.0013683363795280457
0.0013448848621919751
0.0012060076696798205
0.0013458169996738434
0.0013717194087803364
0.0014607566408813
0.0014282326446846128
0.0013371934182941914
0.0011137771653011441
0.001045636017806828
0.0009596796007826924
0.0010420192265883088
0.0010940885404124856
0.0011931777698919177
0.001010137377306819
0.0009930591331794858
0.001066373661160469
0.001168108661659062
0.001156209735199809
0.0011365585960447788
0.0010569676524028182
0.0010776207782328129
0.0011457805521786213
0.0010698267724364996
0.0009570380789227784
0.0009219013154506683
0.0010488830739632249
0.001107091549783945
0.0012274530017748475
0.0015004567103460431
0.0013576314086094499
0.0012783455895259976
0.0012423658045008779
0.0012224040692672133
0.0012325352290645242
0.0013644939754158258
0.0014696463476866484
0.0013843461638316512
0.0013655200600624084
0.0013940547360107303
0.0014331976417452097
0.0014348328113555908
0.0013746119802817702
0.0012403741711750627
0.0011667348444461823
0.0012249264400452375
0.001314271823503077
0.0013685207813978195
0.0012994905700907111
0.0011770742712542415
0.0011920231627300382
0.0013195453211665154
0.0014549139887094498
0.0014397313352674246
0.001319659291766584
0.0013071444118395448
0.0013999382499605417
0.001495139324106276
0.001606687088496983
0.0016860882751643658
0.0016505029052495956
0.0016025062650442123
0.0016158133512362838
0.0015970263630151749
0.0016309658531099558
0.0016180840320885181
0.001594710280187428
0.0015680643264204264
0.001762131112627685
0.0018123213667422533
0.0018677142215892673
0.0018213973380625248
0.0016976338811218739
0.0015476407716050744
0.0015386173035949469
0.001528640161268413
0.0015346022555604577
0.00155921233817935
0.001509881461970508
0.0013886808883398771
0.0014569009654223919
0.0016049339901655912
0.00166550453286618
0.0017066359287127852
0.001728107687085867
0.0017095516668632627
0.0017590780043974519
0.0018181970808655024
0.0018932874081656337
0.001908758538775146
0.0018789871828630567
0.001810316345654428
0.0017966146115213633
0.0018275849288329482
0.0018046399345621467
0.001866705366410315
0.0018728323047980666
0.001810903544537723
0.001772903255186975
0.00161254545673728
0.0015859933337196708
0.0016883931821212173
0.0017692246474325657
0.0018133707344532013
0.0017244401387870312
0.0016577576752752066
0.0016622551484033465
0.0017053557094186544
0.0018412396311759949
0.0018769553862512112
0.00188346893992275
0.001808734843507409
0.0017112547066062689
0.0016549417050555348
0.0015111567918211222
0.0015542847104370594
0.001582724740728736
0.00161993526853621
0.0013968400890007615
0.0012742889812216163
0.001275432645343244
0.0014254131820052862
0.001597567810676992
0.0017556017264723778
0.001854001428000629
0.0018209300469607115
0.0017673250986263156
0.001749857678078115
0.0019396699499338865
0.0020672630053013563
0.002060153055936098
0.0019250757759436965
0.0018106306670233607
0.0017346470849588513
0.0017805317183956504
0.001823003520257771
0.0018310644663870335
0.0017960055265575647
0.0016918214969336987
0.0016377759166061878
0.0016730872448533773
0.0017759454203769565
0.0018597067100927234
0.0017712294356897473
0.0019072192953899503
0.0017888431902974844
0.0017268231604248285
0.0017947809537872672
0.0019317208789288998
0.002138775307685137
0.0021540638990700245
0.0019675157964229584
0.0018165353685617447
0.001625628094188869
0.0017494165804237127
0.0018584238132461905
0.001892987173050642
0.0018622089410200715
0.0018088164506480098
0.0018245577812194824
0.001826703897677362
0.0018938961438834667
0.0019610272720456123
0.002072980161756277
0.002227005548775196
0.002209227764979005
0.002174156252294779
0.0021273684687912464
0.0022878048475831747
0.0023471012245863676
0.002391581889241934
0.00227034161798656
0.0021760500967502594
0.0022267543245106936
0.002375294454395771
0.002411716617643833
0.0023835471365600824
0.0022883571218699217
0.0020002303645014763
0.0019793203100562096
0.0020339975599199533
0.002094370312988758
0.0021405708976089954
0.002091221744194627
0.0018536406569182873
0.0018532428657636046
0.001974705373868346
0.0020995161030441523
0.0021745525300502777
0.0020655596163123846
0.0020382930524647236
0.0020680793095380068
0.0021245419047772884
0.002188148209825158
0.0021270597353577614
0.0021315983030945063
0.002198424655944109
0.002237860346212983
0.002308598253875971
0.0022234474308788776
0.0022004039492458105
0.0022314891684800386
0.0022751351352781057
0.0021857458632439375
0.002166574588045478
0.002114789327606559
0.002048968570306897
0.0020445699337869883
0.0021876085083931684
0.0021932937670499086
0.0021599787287414074
0.0020966629963368177
0.0020629502832889557
0.002157696755602956
0.002171045169234276
0.0021975727286189795
0.002176565583795309
0.002105552004650235
0.001856329501606524
0.0018940222216770053
0.0018826460000127554
0.0019838628359138966
0.00203608232550323
0.0020519248209893703
0.0018200597260147333
0.0018341431859880686
0.0019092023139819503
0.001999759580940008
0.0021465930622071028
0.0022676519583910704
0.002197954338043928
0.0021298497449606657
0.0021192014683037996
0.002163052326068282
0.0021287070121616125
0.002166129881516099
0.002158102346584201
0.002136549912393093
0.0020676457788795233
0.0022425332572311163
0.0022162708919495344
0.002167341997846961
0.0021326104179024696
0.002180834300816059
0.001989360898733139
0.0020673051476478577
0.0021120801102370024
0.002136647468432784
0.0020574964582920074
0.002039962215349078
0.0020714602433145046
0.0021600269246846437
0.002184478333219886
0.002324665430933237
0.002206218894571066
0.0022157314233481884
0.0023223343305289745
0.0023905031848698854
0.002350645372644067
0.002231448423117399
0.002299429615959525
0.002304319990798831
0.0023470229934901
0.0022302567958831787
0.002105469349771738
0.0021195709705352783
0.002203761599957943
0.002309616655111313
0.0024812757037580013
0.002354698721319437
0.0023473079781979322
0.0023483866825699806
0.0023816502653062344
0.002436870476230979
0.0024939568247646093
0.0024227085523307323
0.0023402958177030087
0.002324003493413329
0.0022377546411007643
0.0021289631258696318
0.0021653969306498766
0.002232234226539731
0.0022323799785226583
0.002455721376463771
0.002876204438507557
0.0028404712211340666
0.0025796443223953247
0.0023778623435646296
0.0021723380777984858
0.002226885873824358
0.0023284011986106634
0.002382268663495779
0.0023584773298352957
0.002378958510234952
0.002606254769489169
0.002582021988928318
0.002482667565345764
0.0023876288905739784
0.0023038622457534075
0.002431900706142187
0.002443859586492181
0.002331513212993741
0.0022512064315378666
0.0021313834004104137
0.00236625992693007
0.002392747439444065
0.002313688863068819
0.0022660077083855867
0.0024089680518954992
0.002550028497353196
0.0025580928195267916
0.002537619788199663
0.0023637982085347176
0.0021449546329677105
0.002084349747747183
0.002085860352963209
0.0021866806782782078
0.0022573587484657764
0.0023286438081413507
0.0021888092160224915
0.0021864529699087143
0.002241370500996709
0.002259345492348075
0.0021508829668164253
0.002238748362287879
0.0022398175206035376
0.002301087137311697
0.002332177944481373
0.002590538002550602
0.002605132292956114
0.0026253019459545612
0.003939987160265446
0.002089492743834853
0.004478195682168007
-0.10375845432281494
-0.21975643932819366
-0.2231592833995819
-0.2640419006347656
-0.2027025669813156
-0.132798969745636
-0.0903666540980339
-0.06570600718259811
-0.05220191925764084
-0.05006377771496773
-0.04462086781859398
-0.03944839537143707
-0.034761447459459305
-0.03459446132183075
-0.03572838753461838
-0.032789263874292374
-0.029499411582946777
-0.02456061728298664
-0.02144237793982029
-0.01958654075860977
-0.017296478152275085
-0.0162951797246933
-0.015065411105751991
-0.014206799678504467
-0.013208212330937386
-0.012837720103561878
-0.012295112945139408
-0.012096935883164406
-0.012048603035509586
-0.011860812082886696
-0.011621465906500816
-0.01148969866335392
-0.01118783000856638
-0.010753894224762917
-0.010300766676664352
-0.01005783025175333
-0.009807483293116093
-0.009392155334353447
-0.008676823228597641
-0.008233042433857918
-0.00733035197481513
-0.007102086674422026
-0.006673344410955906
-0.006149634253233671
-0.006271752994507551
-0.006345896515995264
-0.00614501116797328
-0.0060685849748551846
-0.005918846465647221
-0.005747474264353514
-0.003637637011706829
0.0029580320697277784
0.007675601169466972
0.015411455184221268
0.014517390169203281
0.010284342803061008
0.006896306294947863
0.004779429640620947
0.0036684523802250624
0.004254447296261787
0.004060819745063782
0.0037570639979094267
0.0033181856852024794
0.00393007742241025
0.004974452778697014
0.004910341463983059
0.004316903185099363
0.003183696884661913
0.002527834614738822
0.0021876641549170017
0.0014994567027315497
0.001482623745687306
0.0011688780505210161
0.001065092976205051
0.0008625657646916807
0.0008885047282092273
0.001070476369932294
0.001266997423954308
0.0015622114297002554
0.0016478396719321609
0.0017053131014108658
0.0018350599566474557
0.0018238404300063848
0.001759413629770279
0.0016946119721978903
0.0017312058480456471
0.00170904363039881
0.001628975267522037
0.0012449065688997507
0.0010505116079002619
0.0005457554361782968
0.0004990444285795093
0.00033414128120057285
-3.202374864486046e-05
0.00022993380844127387
0.00019266418530605733
0.00012615229934453964
0.00012280001828912646
0.00011633696703938767
4.1218892874894664e-05
0.00021915274555794895
0.0003392868093214929
0.00023187420447357
0.0003320187679491937
0.0003621762152761221
0.00027823972050100565
0.00034506033989600837
0.0003777109377551824
0.0003609049308579415
0.00042251485865563154
0.0003208097768947482
0.0003504944033920765
0.00048610850353725255
0.0004870340635534376
0.00045675819274038076
0.00033882848219946027
0.00042781414231285453
0.000394106114981696
0.0003279012453276664
0.0003759571409318596
0.000588989641983062
0.00047606005682609975
0.0005896077491343021
0.0005713151767849922
0.0005566491163335741
0.0005780768115073442
0.0003594648151192814
0.0002984551538247615
0.00023783015785738826
0.0002696407027542591
1.6105808754218742e-05
0.00013832126569468528
0.00037829115171916783
0.00045978440903127193
0.0007844849023967981
0.0007920549833215773
0.0007787942886352539
0.0006827545585110784
0.0005384514224715531
0.0006036533159203827
0.00040975213050842285
0.00048668193630874157
0.00043030513916164637
0.00043924240162596107
0.0004295135149732232
0.0006641236832365394
0.0006697718636132777
0.0006933300173841417
0.0006300555542111397
0.0006463052704930305
0.0004581245011650026
0.00044997138320468366
0.0004457117465790361
0.0003191700961906463
0.0003401402209419757
0.00033054081723093987
0.00032167561585083604
0.0002647822257131338
0.00034193068859167397
0.00029786291997879744
0.0002065173612209037
0.00016979539941530675
6.478936847997829e-05
0.00023213669192045927
0.00038188512553460896
0.0003172221768181771
0.0003257002681493759
0.00021226306853350252
0.00028483555070124567
0.0002720522170420736
0.00017593178199604154
0.00023183971643447876
0.0002392744063399732
0.000188563164556399
0.00023685736232437193
0.00033652863930910826
0.000378106051357463
0.00038219912676140666
0.0004270607023499906
0.00045512604992836714
0.0006589003023691475
0.000600873667281121
0.00038802268682047725
0.0003362024435773492
-1.3183093869884033e-05
3.0622333724750206e-05
6.099203528719954e-05
0.00016924804367590696
0.00027093998505733907
0.0002380579971941188
0.0002971668145619333
0.00022159521176945418
0.0002329648850718513
0.0003045080229640007
0.0002518471155781299
0.0002811289159581065
0.00036982246092520654
0.00040901440661400557
0.0003696196072269231
0.000449996703537181
0.0005827475106343627
0.0004691382055170834
0.0005004762788303196
0.0005800138460472226
0.000568085175473243
0.00047513816389255226
0.0005957239773124456
0.0006101370672695339
0.0005465966532938182
0.0005441289395093918
0.0007165816496126354
0.0007899744668975472
0.0007603413541801274
0.000551217352040112
0.0005087470053695142
0.0004925034590996802
0.0005011318135075271
0.0006158746546134353
0.000642174098175019
0.0006058141007088125
0.00042961869621649384
0.0005194450495764613
0.00044688142952509224
0.0005282055353745818
0.0005566455656662583
0.00048051701742224395
0.0005045724101364613
0.0005084490403532982
0.0003494244592729956
0.00031032972037792206
0.0003094668500125408
0.00023743326892144978
0.00022717926185578108
0.00010255928646074608
4.235695087118074e-05
-2.2405758500099182e-05
-0.00016139564104378223
-0.00018969870870932937
-6.35503965895623e-05
-7.041850767564029e-05
-2.971747790070367e-06
0.00011807450937340036
0.0001548746949993074
3.272569665568881e-05
8.885326678864658e-05
-8.339632768183947e-05
-0.00013179192319512367
-0.00023873716418165714
-0.00016807361680548638
-0.0001307717029703781
-0.00026545950095169246
-0.00016270916967187077
-0.00026836461620405316
-0.00033962077577598393
-0.00032635650131851435
-0.00021219938935246319
-0.0003243994724471122
-0.0003490079543553293
-0.00039400908281095326
-0.00043944004573859274
-0.000524817151017487
-0.0006464240723289549
-0.0007185412687249482
-0.0007126550190150738
-0.0007848966633901
-0.0007451336132362485
-0.0008877682266756892
-0.0009851495269685984
-0.0012505396734923124
-0.0013833839911967516
-0.0012030114885419607
-0.0012758502271026373
-0.001140371896326542
-0.0012371712364256382
-0.0012710009468719363
-0.0014526409795507789
-0.001644003321416676
-0.0017515388317406178
-0.0017335915472358465
-0.001727510243654251
-0.0016194137278944254
-0.0017288540257140994
-0.0017568104667589068
-0.0017467057332396507
-0.0017981324344873428
-0.0018598182359710336
-0.00178068270906806
-0.0016804480692371726
-0.0016766877379268408
-0.0016016256995499134
-0.0020274296402931213
-0.0021985454950481653
-0.0025780191645026207
-0.002599077532067895
-0.0028249365277588367
-0.0027095028199255466
-0.002758601913228631
-0.0026292121037840843
-0.0029601543210446835
-0.003278047312051058
-0.003671573707833886
-0.0033675970043987036
-0.0035470938310027122
-0.003442963818088174
-0.0035504328552633524
-0.003926682751625776
-0.004071052651852369
-0.004224568605422974
-0.004399256780743599
-0.004573559854179621
-0.004781789146363735
-0.005009347572922707
-0.005138420965522528
-0.005088801495730877
-0.0051667033694684505
-0.0052467696368694305
-0.005202016793191433
-0.00532654020935297
-0.005269788205623627
-0.005185781978070736
-0.005272394977509975
-0.005170541349798441
-0.005135074723511934
-0.0050537362694740295
-0.0050058066844940186
-0.004934371914714575
-0.004812533967196941
-0.004915399476885796
-0.005017386749386787
-0.0050851148553192616
-0.005242639686912298
-0.005220802500844002
-0.00508015975356102
-0.004914082121104002
-0.004741363227367401
-0.004417856689542532
-0.004234188236296177
-0.00436509121209383
-0.004706425126641989
-0.004961667116731405
-0.004713436122983694
-0.0049013965763151646
-0.004588231444358826
-0.004514080937951803
-0.004238971043378115
-0.004369610920548439
-0.0043324739672243595
-0.0044148946180939674
-0.004097730852663517
-0.0038441382348537445
-0.003556975396350026
-0.0036617976147681475
-0.0034727551974356174
-0.0035386846866458654
-0.0034417598508298397
-0.0030915644019842148
-0.0031348587945103645
-0.002971841022372246
-0.00265503884293139
-0.0022780608851462603
-0.0018170407274737954
-0.0017674375558272004
-0.0016049721743911505
-0.0016770134679973125
-0.0015218737535178661
-0.0013151823077350855
-0.0013632422778755426
-0.0010598115622997284
-0.0010001978371292353
-0.0007736000115983188
-0.0008124758023768663
-0.001008485327474773
-0.00104158790782094
-0.001007657963782549
-0.0011010539019480348
-0.0008711869595572352
-0.0007759660365991294
-0.0005340414354577661
-0.00035229450440965593
-0.00019545703253243119
-0.00013670521730091423
0.00015248656563926488
8.756540773902088e-05
7.88574106991291e-05
4.422459824127145e-05
-0.00014021249080542475
-0.0002424250269541517
-0.00017939468671102077
0.00017498164379503578
0.00036507099866867065
0.000634576310403645
0.0008905826834961772
0.0009683677926659584
0.0010573711479082704
0.0010290805948898196
0.0012594774598255754
0.0012980764731764793
0.0013596051139757037
0.0014328090474009514
0.0014457758516073227
0.0015900104772299528
0.0014335047453641891
0.0015773753402754664
0.0017027931753546
0.001810180488973856
0.0017152430955320597
0.001820823410525918
0.001760695711709559
0.001704197027720511
0.0015765371499583125
0.0015711013693362474
0.0017340111080557108
0.0018060053698718548
0.0018444048473611474
0.001870684907771647
0.0018103002803400159
0.0019442589255049825
0.001943745301105082
0.002028954215347767
0.001966973766684532
0.0022291401401162148
0.0022108734119683504
0.002219975460320711
0.002146786777302623
0.0022281974088400602
0.0019171591848134995
0.001868072897195816
0.0019127002451568842
0.002006057882681489
0.001907429308630526
0.002133925911039114
0.0020962052512913942
0.0020387580152601004
0.0019583103712648153
0.002011359203606844
0.0020800656639039516
0.0019578926730901003
0.002039761282503605
0.0020106625743210316
0.002014526631683111
0.0018798279343172908
0.0019717542454600334
0.0019539915956556797
0.0019362985622137785
0.0019461455522105098
0.001965060131624341
0.001954146195203066
0.001966903917491436
0.001980115659534931
0.001982597867026925
0.0020719936583191156
0.001927245524711907
0.0020811029244214296
0.0019484644290059805
0.0018418221734464169
0.0018606396624818444
0.001998330233618617
0.0020805050153285265
0.0021975880954414606
0.0022014202550053596
0.002095849486067891
0.0020755783189088106
0.002058628248050809
0.002167759696021676
0.002075435360893607
0.0019679253455251455
0.0021251027937978506
0.0019852598197758198
0.0020109503529965878
0.0019128218991681933
0.0017705673817545176
0.0019717917311936617
0.0018654447048902512
0.0019523092778399587
0.0019116620533168316
0.002225264208391309
0.0022136177867650986
0.0021685173269361258
0.0021194652654230595
0.002198129892349243
0.00209023361094296
0.0018872387008741498
0.0020423345267772675
0.002105371095240116
0.002058142563328147
0.0019705055747181177
0.0022439344320446253
0.002159434836357832
0.002073058392852545
0.0021438810508698225
0.0021407082676887512
0.0021310928277671337
0.002091796835884452
0.002135536167770624
0.002110111527144909
0.0021012781653553247
0.002087834058329463
0.0020905460696667433
0.0021160771138966084
0.002106294734403491
0.0021098048891872168
0.0021541020832955837
0.0020783012732863426
0.00206822925247252
0.002131836023181677
0.0021423499565571547
0.001993640558794141
0.0020483508706092834
0.0019999013748019934
0.001969632925465703
0.0019834814593195915
0.002218210371211171
0.0021755604539066553
0.0020838568452745676
0.002157420851290226
0.002214812906458974
0.0021774761844426394
0.0022221377585083246
0.002253988990560174
0.0023121482226997614
0.0023424439132213593
0.0023143577855080366
0.002327624009922147
0.002308749593794346
0.0023226027842611074
0.002076178789138794
0.002167866798117757
0.0021716838236898184
0.002232127822935581
0.0021927552297711372
0.0023402331862598658
0.002413359936326742
0.0023219643626362085
0.002296112710610032
0.0023028706200420856
0.0021811099722981453
0.001680708839558065
0.0015181729104369879
0.001576475566253066
0.0016996803460642695
0.001966841286048293
0.0017982367426156998
0.0018450894858688116
0.0017363820225000381
0.0018489331705495715
0.001751252799294889
0.001779873506166041
0.0017366533866152167
0.0017066688742488623
0.0017378603806719184
0.0017138043185696006
0.0019352886592969298
0.0017815310275182128
0.0017670857487246394
0.0017279949970543385
0.001774087781086564
0.0020417417399585247
0.001991328550502658
0.0019059379119426012
0.0019490214763209224
0.001983104972168803
0.0018397917738184333
0.0019337855046615005
0.0020215697586536407
0.0019714636728167534
0.002078719437122345
0.002284462796524167
0.0023140686098486185
0.0021381541155278683
0.0020058127120137215
0.0018339798552915454
0.001736984122544527
0.0017185345059260726
0.0017666282365098596
0.0018019332783296704
0.0021071527153253555
0.0020246640779078007
0.0019865157082676888
0.0018652845174074173
0.0018255276372656226
0.0015839609550312161
0.0016310947248712182
0.001571186468936503
0.0016259083058685064
0.0016419206513091922
0.0018412854988127947
0.002152737695723772
0.0023089267779141665
0.0023055155761539936
0.002111665206030011
0.0018778166268020868
0.002115183509886265
0.0020185133907943964
0.002081996761262417
0.002024794463068247
0.0019882172346115112
0.0017165089957416058
0.0016967135015875101
0.001770894043147564
0.00187770277261734
0.0019339623395353556
0.0017943119164556265
0.0016936662141233683
0.0016703655710443854
0.0016675160732120275
0.0016552431043237448
0.0016329374630004168
0.0016637933440506458
0.0017064516432583332
0.0017040297389030457
0.0017069971654564142
0.0018610471161082387
0.001797375618480146
0.0016983667155727744
0.0016231139888986945
0.0015068332431837916
0.0011971062049269676
0.0012344076531007886
0.0013640887336805463
0.00149349810089916
0.0016608914593234658
0.001618299400433898
0.0016800194280222058
0.0015975100686773658
0.0016125431284308434
0.001455205027014017
0.001510192989371717
0.001472146832384169
0.0014684222405776381
0.0015325340209528804
0.0016491235001012683
0.0016482872888445854
0.001805430743843317
0.0017212745733559132
0.0016578745562583208
0.0014437346253544092
0.0017202016897499561
0.00171593704726547
0.0016853559063747525
0.001630593789741397
0.0016758543206378818
0.001573906047269702
0.0016714853700250387
0.0015962591860443354
0.0014852823223918676
0.0015905037289485335
0.0018218979239463806
0.0019478086614981294
0.0017889378359541297
0.0016153076430782676
0.0013539907522499561
0.0011231928365305066
0.001306801801547408
0.001400822657160461
0.0014927260344848037
0.001574964146129787
0.0015178947942331433
0.0013321632286533713
0.0011337808100506663
0.001204942585900426
0.0012277769856154919
0.001100951456464827
0.0010908012045547366
0.0011246302165091038
0.0011806788388639688
0.0013245925074443221
0.0014567470643669367
0.0013779359869658947
0.0013008459936827421
0.0012289052829146385
0.0012151324190199375
0.0013992739841341972
0.0013683363795280457
0.0013448848621919751
0.0012060076696798205
0.0013458169996738434
0.0013717194087803364
0.0014607566408813
0.0014282326446846128
0.0013371934182941914
0.0011137771653011441
0.001045636017806828
0.0009596796007826924
0.0010420192265883088
0.0010940885404124856
0.0011931777698919177
0.001010137377306819
0.0009930591331794858
0.001066373661160469
0.001168108661659062
0.001156209735199809
0.0011365585960447788
0.0010569676524028182
0.0010776207782328129
0.0011457805521786213
0.0010698267724364996
0.0009570380789227784
0.0009219013154506683
0.0010488830739632249
0.001107091549783945
0.0012274530017748475
0.0015004567103460431
0.0013576314086094499
0.0012783455895259976
0.0012423658045008779
0.0012224040692672133
0.0012325352290645242
0.0013644939754158258
0.0014696463476866484
0.0013843461638316512
0.0013655200600624084
0.0013940547360107303
0.0014331976417452097
0.0014348328113555908
0.0013746119802817702
0.0012403741711750627
0.0011667348444461823
0.0012249264400452375
0.001314271823503077
0.0013685207813978195
0.0012994905700907111
0.0011770742712542415
0.0011920231627300382
0.0013195453211665154
0.0014549139887094498
0.0014397313352674246
0.001319659291766584
0.0013071444118395448
0.0013999382499605417
0.001495139324106276
0.001606687088496983
0.0016860882751643658
0.0016505029052495956
0.0016025062650442123
0.0016158133512362838
0.0015970263630151749
0.0016309658531099558
0.0016180840320885181
0.001594710280187428
0.0015680643264204264
0.001762131112627685
0.0018123213667422533
0.0018677142215892673
0.0018213973380625248
0.0016976338811218739
0.0015476407716050744
0.0015386173035949469
0.001528640161268413
0.0015346022555604577
0.00155921233817935
0.001509881461970508
0.0013886808883398771
0.0014569009654223919
0.0016049339901655912
0.00166550453286618
0.0017066359287127852
0.001728107687085867
0.0017095516668632627
0.0017590780043974519
0.0018181970808655024
0.0018932874081656337
0.001908758538775146
0.0018789871828630567
0.001810316345654428
0.0017966146115213633
0.0018275849288329482
0.0018046399345621467
0.001866705366410315
0.0018728323047980666
0.001810903544537723
0.001772903255186975
0.00161254545673728
0.0015859933337196708
0.0016883931821212173
0.0017692246474325657
0.0018133707344532013
0.0017244401387870312
0.0016577576752752066
0.0016622551484033465
0.0017053557094186544
0.0018412396311759949
0.0018769553862512112
0.00188346893992275
0.001808734843507409
0.0017112547066062689
0.0016549417050555348
0.0015111567918211222
0.0015542847104370594
0.001582724740728736
0.00161993526853621
0.0013968400890007615
0.0012742889812216163
0.001275432645343244
0.0014254131820052862
0.001597567810676992
0.0017556017264723778
0.001854001428000629
0.0018209300469607115
0.0017673250986263156
0.001749857678078115
0.0019396699499338865
0.0020672630053013563
0.002060153055936098
0.0019250757759436965
0.0018106306670233607
0.0017346470849588513
0.0017805317183956504
0.001823003520257771
0.0018310644663870335
0.0017960055265575647
0.0016918214969336987
0.0016377759166061878
0.0016730872448533773
0.0017759454203769565
0.0018597067100927234
0.0017712294356897473
0.0019072192953899503
0.0017888431902974844
0.0017268231604248285
0.0017947809537872672
0.0019317208789288998
0.002138775307685137
0.0021540638990700245
0.0019675157964229584
0.0018165353685617447
0.001625628094188869
0.0017494165804237127
0.0018584238132461905
0.001892987173050642
0.0018622089410200715
0.0018088164506480098
0.0018245577812194824
0.001826703897677362
0.0018938961438834667
0.0019610272720456123
0.002072980161756277
0.002227005548775196
0.002209227764979005
0.002174156252294779
0.0021273684687912464
0.0022878048475831747
0.0023471012245863676
0.002391581889241934
0.00227034161798656
0.0021760500967502594
0.0022267543245106936
0.002375294454395771
0.002411716617643833
0.0023835471365600824
0.0022883571218699217
0.0020002303645014763
0.0019793203100562096
0.0020339975599199533
0.002094370312988758
0.0021405708976089954
0.002091221744194627
0.0018536406569182873
0.0018532428657636046
0.001974705373868346
0.0020995161030441523
0.0021745525300502777
0.0020655596163123846
0.0020382930524647236
0.0020680793095380068
0.0021245419047772884
0.002188148209825158
0.0021270597353577614
0.0021315983030945063
0.002198424655944109
0.002237860346212983
0.002308598253875971
0.0022234474308788776
0.0022004039492458105
0.0022314891684800386
0.0022751351352781057
0.0021857458632439375
0.002166574588045478
0.002114789327606559
0.002048968570306897
0.0020445699337869883
0.0021876085083931684
0.0021932937670499086
0.0021599787287414074
0.0020966629963368177
0.0020629502832889557
0.002157696755602956
0.002171045169234276
0.0021975727286189795
0.002176565583795309
0.002105552004650235
0.001856329501606524
0.0018940222216770053
0.0018826460000127554
0.0019838628359138966
0.00203608232550323
0.0020519248209893703
0.0018200597260147333
0.0018341431859880686
0.0019092023139819503
0.001999759580940008
0.0021465930622071028
0.0022676519583910704
0.002197954338043928
0.0021298497449606657
0.0021192014683037996
0.002163052326068282
0.0021287070121616125
0.002166129881516099
0.002158102346584201
0.002136549912393093
0.0020676457788795233
0.0022425332572311163
0.0022162708919495344
0.002167341997846961
0.0021326104179024696
0.002180834300816059
0.001989360898733139
0.0020673051476478577
0.0021120801102370024
0.002136647468432784
0.0020574964582920074
0.002039962215349078
0.0020714602433145046
0.0021600269246846437
0.002184478333219886
0.002324665430933237
0.002206218894571066
0.0022157314233481884
0.0023223343305289745
0.0023905031848698854
0.002350645372644067
0.002231448423117399
0.002299429615959525
0.002304319990798831
0.0023470229934901
0.0022302567958831787
0.002105469349771738
0.0021195709705352783
0.002203761599957943
0.002309616655111313
0.0024812757037580013
0.002354698721319437
0.0023473079781979322
0.0023483866825699806
0.0023816502653062344
0.002436870476230979
0.0024939568247646093
0.0024227085523307323
0.0023402958177030087
0.002324003493413329
0.0022377546411007643
0.0021289631258696318
0.0021653969306498766
0.002232234226539731
0.0022323799785226583
0.002455721376463771
0.002876204438507557
0.0028404712211340666
0.0025796443223953247
0.0023778623435646296
0.0021723380777984858
0.002226885873824358
0.0023284011986106634
0.002382268663495779
0.0023584773298352957
0.002378958510234952
0.002606254769489169
0.002582021988928318
0.002482667565345764
0.0023876288905739784
0.0023038622457534075
0.002431900706142187
0.002443859586492181
0.002331513212993741
0.0022512064315378666
0.0021313834004104137
0.00236625992693007
0.002392747439444065
0.002313688863068819
0.0022660077083855867
0.0024089680518954992
0.002550028497353196
0.0025580928195267916
0.002537619788199663
0.0023637982085347176
0.0021449546329677105
0.002084349747747183
0.002085860352963209
0.0021866806782782078
0.0022573587484657764
0.0023286438081413507
0.0021888092160224915
0.0021864529699087143
0.002241370500996709
0.002259345492348075
0.0021508829668164253
0.002238748362287879
0.0022398175206035376
0.002301087137311697
0.002332177944481373
0.002590538002550602
0.002605132292956114
0.0026253019459545612
0.003939987160265446
0.002089492743834853
0.004478195682168007
-0.10375845432281494
-0.21975643932819366
-0.2231592833995819
-0.2640419006347656
-0.2027025669813156
-0.132798969745636
-0.0903666540980339
-0.06570600718259811
-0.05220191925764084
-0.05006377771496773
-0.04462086781859398
-0.03944839537143707
-0.034761447459459305
-0.03459446132183075
-0.03572838753461838
-0.032789263874292374
-0.029499411582946777
-0.02456061728298664
-0.02144237793982029
-0.01958654075860977
-0.017296478152275085
-0.0162951797246933
-0.015065411105751991
-0.014206799678504467
-0.013208212330937386
-0.012837720103561878
-0.012295112945139408
-0.012096935883164406
-0.012048603035509586
-0.011860812082886696
-0.011621465906500816
-0.01148969866335392
-0.01118783000856638
-0.010753894224762917
-0.010300766676664352
-0.01005783025175333
-0.009807483293116093
-0.009392155334353447
-0.008676823228597641
-0.008233042433857918
-0.00733035197481513
-0.007102086674422026
-0.006673344410955906
-0.006149634253233671
-0.006271752994507551
-0.006345896515995264
-0.00614501116797328
-0.0060685849748551846
-0.005918846465647221
-0.005747474264353514
-0.003637637011706829
0.0029580320697277784
0.007675601169466972
0.015411455184221268
0.014517390169203281
0.010284342803061008
0.006896306294947863
0.004779429640620947
0.0036684523802250624
0.004254447296261787
0.004060819745063782
0.0037570639979094267
0.0033181856852024794
0.00393007742241025
0.004974452778697014
0.004910341463983059
0.004316903185099363
0.003183696884661913
0.002527834614738822
0.0021876641549170017
0.0014994567027315497
0.001482623745687306
0.0011688780505210161
0.001065092976205051
0.0008625657646916807
0.0008885047282092273
0.001070476369932294
0.001266997423954308
0.0015622114297002554
0.0016478396719321609
0.0017053131014108658
0.0018350599566474557
0.0018238404300063848
0.001759413629770279
0.0016946119721978903
0.0017312058480456471
0.00170904363039881
0.001628975267522037
0.0012449065688997507
0.0010505116079002619
0.0005457554361782968
0.0004990444285795093
0.00033414128120057285
-3.202374864486046e-05
0.00022993380844127387
0.00019266418530605733
0.00012615229934453964
0.00012280001828912646
0.00011633696703938767
4.1218892874894664e-05
0.00021915274555794895
0.0003392868093214929
0.00023187420447357
0.0003320187679491937
0.0003621762152761221
0.00027823972050100565
0.00034506033989600837
0.0003777109377551824
0.0003609049308579415
0.00042251485865563154
0.0003208097768947482
0.0003504944033920765
0.00048610850353725255
0.0004870340635534376
0.00045675819274038076
0.00033882848219946027
0.00042781414231285453
0.000394106114981696
0.0003279012453276664
0.0003759571409318596
0.000588989641983062
0.00047606005682609975
0.0005896077491343021
0.0005713151767849922
0.0005566491163335741
0.0005780768115073442
0.0003594648151192814
0.0002984551538247615
0.00023783015785738826
0.0002696407027542591
1.6105808754218742e-05
0.00013832126569468528
0.00037829115171916783
0.00045978440903127193
0.0007844849023967981
0.0007920549833215773
0.0007787942886352539
0.0006827545585110784
0.0005384514224715531
0.0006036533159203827
0.00040975213050842285
0.00048668193630874157
0.00043030513916164637
0.00043924240162596107
0.0004295135149732232
0.0006641236832365394
0.0006697718636132777
0.0006933300173841417
0.0006300555542111397
0.0006463052704930305
0.0004581245011650026
0.00044997138320468366
0.0004457117465790361
0.0003191700961906463
0.0003401402209419757
0.00033054081723093987
0.00032167561585083604
0.0002647822257131338
0.00034193068859167397
0.00029786291997879744
0.0002065173612209037
0.00016979539941530675
6.478936847997829e-05
0.00023213669192045927
0.00038188512553460896
0.0003172221768181771
0.0003257002681493759
0.00021226306853350252
0.00028483555070124567
0.0002720522170420736
0.00017593178199604154
0.00023183971643447876
0.0002392744063399732
0.000188563164556399
0.00023685736232437193
0.00033652863930910826
0.000378106051357463
0.00038219912676140666
0.0004270607023499906
0.00045512604992836714
0.0006589003023691475
0.000600873667281121
0.00038802268682047725
0.0003362024435773492
-1.3183093869884033e-05
3.0622333724750206e-05
6.099203528719954e-05
0.00016924804367590696
0.00027093998505733907
0.0002380579971941188
0.0002971668145619333
0.00022159521176945418
0.0002329648850718513
0.0003045080229640007
0.0002518471155781299
0.0002811289159581065
0.00036982246092520654
0.00040901440661400557
0.0003696196072269231
0.000449996703537181
0.0005827475106343627
0.0004691382055170834
0.0005004762788303196
0.0005800138460472226
0.000568085175473243
0.00047513816389255226
0.0005957239773124456
0.0006101370672695339
0.0005465966532938182
0.0005441289395093918
0.0007165816496126354
0.0007899744668975472
0.0007603413541801274
0.000551217352040112
0.0005087470053695142
0.0004925034590996802
0.0005011318135075271
0.0006158746546134353
0.000642174098175019
0.0006058141007088125
0.00042961869621649384
0.0005194450495764613
0.00044688142952509224
0.0005282055353745818
0.0005566455656662583
0.00048051701742224395
0.0005045724101364613
0.0005084490403532982
0.0003494244592729956
0.00031032972037792206
0.0003094668500125408
0.00023743326892144978
0.00022717926185578108
0.00010255928646074608
4.235695087118074e-05
-2.2405758500099182e-05
-0.00016139564104378223
-0.00018969870870932937
-6.35503965895623e-05
-7.041850767564029e-05
-2.971747790070367e-06
0.00011807450937340036
0.0001548746949993074
3.272569665568881e-05
8.885326678864658e-05
-8.339632768183947e-05
-0.00013179192319512367
-0.00023873716418165714
-0.00016807361680548638
-0.0001307717029703781
-0.00026545950095169246
-0.00016270916967187077
-0.00026836461620405316
-0.00033962077577598393
-0.00032635650131851435
-0.00021219938935246319
-0.0003243994724471122
-0.0003490079543553293
-0.00039400908281095326
-0.00043944004573859274
-0.000524817151017487
-0.0006464240723289549
-0.0007185412687249482
-0.0007126550190150738
-0.0007848966633901
-0.0007451336132362485
-0.0008877682266756892
-0.0009851495269685984
-0.0012505396734923124
-0.0013833839911967516
-0.0012030114885419607
-0.0012758502271026373
-0.001140371896326542
-0.0012371712364256382
-0.0012710009468719363
-0.0014526409795507789
-0.001644003321416676
-0.0017515388317406178
-0.0017335915472358465
-0.001727510243654251
-0.0016194137278944254
-0.0017288540257140994
-0.0017568104667589068
-0.0017467057332396507
-0.0017981324344873428
-0.0018598182359710336
-0.00178068270906806
-0.0016804480692371726
-0.0016766877379268408
-0.0016016256995499134
-0.0020274296402931213
-0.0021985454950481653
-0.0025780191645026207
-0.002599077532067895
-0.0028249365277588367
-0.0027095028199255466
-0.002758601913228631
-0.0026292121037840843
-0.0029601543210446835
-0.003278047312051058
-0.003671573707833886
-0.0033675970043987036
-0.0035470938310027122
-0.003442963818088174
-0.0035504328552633524
-0.003926682751625776
-0.004071052651852369
-0.004224568605422974
-0.004399256780743599
-0.004573559854179621
-0.004781789146363735
-0.005009347572922707
-0.005138420965522528
-0.005088801495730877
-0.0051667033694684505
-0.0052467696368694305
-0.005202016793191433
-0.00532654020935297
-0.005269788205623627
-0.005185781978070736
-0.005272394977509975
-0.005170541349798441
-0.005135074723511934
-0.0050537362694740295
-0.0050058066844940186
-0.004934371914714575
-0.004812533967196941
-0.004915399476885796
-0.005017386749386787
-0.0050851148553192616
-0.005242639686912298
-0.005220802500844002
-0.00508015975356102
-0.004914082121104002
-0.004741363227367401
-0.004417856689542532
-0.004234188236296177
-0.00436509121209383
-0.004706425126641989
-0.004961667116731405
-0.004713436122983694
-0.0049013965763151646
-0.004588231444358826
-0.004514080937951803
-0.004238971043378115
-0.004369610920548439
-0.0043324739672243595
-0.0044148946180939674
-0.004097730852663517
-0.0038441382348537445
-0.003556975396350026
-0.0036617976147681475
-0.0034727551974356174
-0.0035386846866458654
-0.0034417598508298397
-0.0030915644019842148
-0.0031348587945103645
-0.002971841022372246
-0.00265503884293139
-0.0022780608851462603
-0.0018170407274737954
-0.0017674375558272004
-0.0016049721743911505
-0.0016770134679973125
-0.0015218737535178661
-0.0013151823077350855
-0.0013632422778755426
-0.0010598115622997284
-0.0010001978371292353
-0.0007736000115983188
-0.0008124758023768663
-0.001008485327474773
-0.00104158790782094
-0.001007657963782549
-0.0011010539019480348
-0.0008711869595572352
-0.0007759660365991294
-0.0005340414354577661
-0.00035229450440965593
-0.00019545703253243119
-0.00013670521730091423
0.00015248656563926488
8.756540773902088e-05
7.88574106991291e-05
4.422459824127145e-05
-0.00014021249080542475
-0.0002424250269541517
-0.00017939468671102077
0.00017498164379503578
0.00036507099866867065
0.000634576310403645
0.0008905826834961772
0.0009683677926659584
0.0010573711479082704
0.0010290805948898196
0.0012594774598255754
0.0012980764731764793
0.0013596051139757037
0.0014328090474009514
0.0014457758516073227
0.0015900104772299528
0.0014335047453641891
0.0015773753402754664
0.0017027931753546
0.001810180488973856
0.0017152430955320597
0.001820823410525918
0.001760695711709559
0.001704197027720511
0.0015765371499583125
0.0015711013693362474
0.0017340111080557108
0.0018060053698718548
0.0018444048473611474
0.001870684907771647
0.0018103002803400159
0.0019442589255049825
0.001943745301105082
0.002028954215347767
0.001966973766684532
0.0022291401401162148
0.0022108734119683504
0.002219975460320711
0.002146786777302623
0.0022281974088400602
0.0019171591848134995
0.001868072897195816
0.0019127002451568842
0.002006057882681489
0.001907429308630526
0.002133925911039114
0.0020962052512913942
0.0020387580152601004
0.0019583103712648153
0.002011359203606844
0.0020800656639039516
0.0019578926730901003
0.002039761282503605
0.0020106625743210316
0.002014526631683111
0.0018798279343172908
0.0019717542454600334
0.0019539915956556797
0.0019362985622137785
0.0019461455522105098
0.001965060131624341
0.001954146195203066
0.001966903917491436
0.001980115659534931
0.001982597867026925
0.0020719936583191156
0.001927245524711907
0.0020811029244214296
0.0019484644290059805
0.0018418221734464169
0.0018606396624818444
0.001998330233618617
0.0020805050153285265
0.0021975880954414606
0.0022014202550053596
0.002095849486067891
0.0020755783189088106
0.002058628248050809
0.002167759696021676
0.002075435360893607
0.0019679253455251455
0.0021251027937978506
0.0019852598197758198
0.0020109503529965878
0.0019128218991681933
0.0017705673817545176
0.0019717917311936617
0.0018654447048902512
0.0019523092778399587
0.0019116620533168316
0.002225264208391309
0.0022136177867650986
0.0021685173269361258
0.0021194652654230595
0.002198129892349243
0.00209023361094296
0.0018872387008741498
0.0020423345267772675
0.002105371095240116
0.002058142563328147
0.0019705055747181177
0.0022439344320446253
0.002159434836357832
0.002073058392852545
0.0021438810508698225
0.0021407082676887512
0.0021310928277671337
0.002091796835884452
0.002135536167770624
0.002110111527144909
0.0021012781653553247
0.002087834058329463
0.0020905460696667433
0.0021160771138966084
0.002106294734403491
0.0021098048891872168
0.0021541020832955837
0.0020783012732863426
0.00206822925247252
0.002131836023181677
0.0021423499565571547
0.001993640558794141
0.0020483508706092834
0.0019999013748019934
0.001969632925465703
0.0019834814593195915
0.002218210371211171
0.0021755604539066553
0.0020838568452745676
0.002157420851290226
0.002214812906458974
0.0021774761844426394
0.0022221377585083246
0.002253988990560174
0.0023121482226997614
0.0023424439132213593
0.0023143577855080366
0.002327624009922147
0.002308749593794346
0.0023226027842611074
0.002076178789138794
0.002167866798117757
0.0021716838236898184
0.002232127822935581
0.0021927552297711372
0.0023402331862598658
0.002413359936326742
0.0023219643626362085
0.002296112710610032
0.0023028706200420856
0.0021811099722981453
0.001680708839558065
0.0015181729104369879
0.001576475566253066
0.0016996803460642695
0.001966841286048293
0.0017982367426156998
0.0018450894858688116
0.0017363820225000381
0.0018489331705495715
0.001751252799294889
0.001779873506166041
0.0017366533866152167
0.0017066688742488623
0.0017378603806719184
0.0017138043185696006
0.0019352886592969298
0.0017815310275182128
0.0017670857487246394
0.0017279949970543385
0.001774087781086564
0.0020417417399585247
0.001991328550502658
0.0019059379119426012
0.0019490214763209224
0.001983104972168803
0.0018397917738184333
0.0019337855046615005
0.0020215697586536407
0.0019714636728167534
0.002078719437122345
0.002284462796524167
0.0023140686098486185
0.0021381541155278683
0.0020058127120137215
0.0018339798552915454
0.001736984122544527
0.0017185345059260726
0.0017666282365098596
0.0018019332783296704
0.0021071527153253555
0.0020246640779078007
0.0019865157082676888
0.0018652845174074173
0.0018255276372656226
0.0015839609550312161
0.0016310947248712182
0.001571186468936503
0.0016259083058685064
0.0016419206513091922
0.0018412854988127947
0.002152737695723772
0.0023089267779141665
0.0023055155761539936
0.002111665206030011
0.0018778166268020868
0.002115183509886265
0.0020185133907943964
0.002081996761262417
0.002024794463068247
0.0019882172346115112
0.0017165089957416058
0.0016967135015875101
0.001770894043147564
0.00187770277261734
0.0019339623395353556
0.0017943119164556265
0.0016936662141233683
0.0016703655710443854
0.0016675160732120275
0.0016552431043237448
0.0016329374630004168
0.0016637933440506458
0.0017064516432583332
0.0017040297389030457
0.0017069971654564142
0.0018610471161082387
0.001797375618480146
0.0016983667155727744
0.0016231139888986945
0.0015068332431837916
0.0011971062049269676
0.0012344076531007886
0.0013640887336805463
0.00149349810089916
0.0016608914593234658
0.001618299400433898
0.0016800194280222058
0.0015975100686773658
0.0016125431284308434
0.001455205027014017
0.001510192989371717
0.001472146832384169
0.0014684222405776381
0.0015325340209528804
0.0016491235001012683
0.0016482872888445854
0.001805430743843317
0.0017212745733559132
0.0016578745562583208
0.0014437346253544092
0.0017202016897499561
0.00171593704726547
0.0016853559063747525
0.001630593789741397
0.0016758543206378818
0.001573906047269702
0.0016714853700250387
0.0015962591860443354
0.0014852823223918676
0.0015905037289485335
0.0018218979239463806
0.0019478086614981294
0.0017889378359541297
0.0016153076430782676
0.0013539907522499561
0.0011231928365305066
0.001306801801547408
0.001400822657160461
0.0014927260344848037
0.001574964146129787
0.0015178947942331433
0.0013321632286533713
0.0011337808100506663
0.001204942585900426
0.0012277769856154919
0.001100951456464827
0.0010908012045547366
0.0011246302165091038
0.0011806788388639688
0.0013245925074443221
0.0014567470643669367
0.0013779359869658947
0.0013008459936827421
0.0012289052829146385
0.0012151324190199375
0.0013992739841341972
0.0013683363795280457
0.0013448848621919751
0.0012060076696798205
0.0013458169996738434
0.0013717194087803364
0.0014607566408813
0.0014282326446846128
0.0013371934182941914
0.0011137771653011441
0.001045636017806828
0.0009596796007826924
0.0010420192265883088
0.0010940885404124856
0.0011931777698919177
0.001010137377306819
0.0009930591331794858
0.001066373661160469
0.001168108661659062
0.001156209735199809
0.0011365585960447788
0.0010569676524028182
0.0010776207782328129
0.0011457805521786213
0.0010698267724364996
0.0009570380789227784
0.0009219013154506683
0.0010488830739632249
0.001107091549783945
0.0012274530017748475
0.0015004567103460431
0.0013576314086094499
0.0012783455895259976
0.0012423658045008779
0.0012224040692672133
0.0012325352290645242
0.0013644939754158258
0.0014696463476866484
0.0013843461638316512
0.0013655200600624084
0.0013940547360107303
0.0014331976417452097
0.0014348328113555908
0.0013746119802817702
0.0012403741711750627
0.0011667348444461823
0.0012249264400452375
0.001314271823503077
0.0013685207813978195
0.0012994905700907111
0.0011770742712542415
0.0011920231627300382
0.0013195453211665154
0.0014549139887094498
0.0014397313352674246
0.001319659291766584
0.0013071444118395448
0.0013999382499605417
0.001495139324106276
0.001606687088496983
0.0016860882751643658
0.0016505029052495956
0.0016025062650442123
0.0016158133512362838
0.0015970263630151749
0.0016309658531099558
0.0016180840320885181
0.001594710280187428
0.0015680643264204264
0.001762131112627685
0.0018123213667422533
0.0018677142215892673
0.0018213973380625248
0.0016976338811218739
0.0015476407716050744
0.0015386173035949469
0.001528640161268413
0.0015346022555604577
0.00155921233817935
0.001509881461970508
0.0013886808883398771
0.0014569009654223919
0.0016049339901655912
0.00166550453286618
0.0017066359287127852
0.001728107687085867
0.0017095516668632627
0.0017590780043974519
0.0018181970808655024
0.0018932874081656337
0.001908758538775146
0.0018789871828630567
0.001810316345654428
0.0017966146115213633
0.0018275849288329482
0.0018046399345621467
0.001866705366410315
0.0018728323047980666
0.001810903544537723
0.001772903255186975
0.00161254545673728
0.0015859933337196708
0.0016883931821212173
0.0017692246474325657
0.0018133707344532013
0.0017244401387870312
0.0016577576752752066
0.0016622551484033465
0.0017053557094186544
0.0018412396311759949
0.0018769553862512112
0.00188346893992275
0.001808734843507409
0.0017112547066062689
0.0016549417050555348
0.0015111567918211222
0.0015542847104370594
0.001582724740728736
0.00161993526853621
0.0013968400890007615
0.0012742889812216163
0.001275432645343244
0.0014254131820052862
0.001597567810676992
0.0017556017264723778
0.001854001428000629
0.0018209300469607115
0.0017673250986263156
0.001749857678078115
0.0019396699499338865
0.0020672630053013563
0.002060153055936098
0.0019250757759436965
0.0018106306670233607
0.0017346470849588513
0.0017805317183956504
0.001823003520257771
0.0018310644663870335
0.0017960055265575647
0.0016918214969336987
0.0016377759166061878
0.0016730872448533773
0.0017759454203769565
0.0018597067100927234
0.0017712294356897473
0.0019072192953899503
0.0017888431902974844
0.0017268231604248285
0.0017947809537872672
0.0019317208789288998
0.002138775307685137
0.0021540638990700245
0.0019675157964229584
0.0018165353685617447
0.001625628094188869
0.0017494165804237127
0.0018584238132461905
0.001892987173050642
0.0018622089410200715
0.0018088164506480098
0.0018245577812194824
0.001826703897677362
0.0018938961438834667
0.0019610272720456123
0.002072980161756277
0.002227005548775196
0.002209227764979005
0.002174156252294779
0.0021273684687912464
0.0022878048475831747
0.0023471012245863676
0.002391581889241934
0.00227034161798656
0.0021760500967502594
0.0022267543245106936
0.002375294454395771
0.002411716617643833
0.0023835471365600824
0.0022883571218699217
0.0020002303645014763
0.0019793203100562096
0.0020339975599199533
0.002094370312988758
0.0021405708976089954
0.002091221744194627
0.0018536406569182873
0.0018532428657636046
0.001974705373868346
0.0020995161030441523
0.0021745525300502777
0.0020655596163123846
0.0020382930524647236
0.0020680793095380068
0.0021245419047772884
0.002188148209825158
0.0021270597353577614
0.0021315983030945063
0.002198424655944109
0.002237860346212983
0.002308598253875971
0.0022234474308788776
0.0022004039492458105
0.0022314891684800386
0.0022751351352781057
0.0021857458632439375
0.002166574588045478
0.002114789327606559
0.002048968570306897
0.0020445699337869883
0.0021876085083931684
0.0021932937670499086
0.0021599787287414074
0.0020966629963368177
0.0020629502832889557
0.002157696755602956
0.002171045169234276
0.0021975727286189795
0.002176565583795309
0.002105552004650235
0.001856329501606524
0.0018940222216770053
0.0018826460000127554
0.0019838628359138966
0.00203608232550323
0.0020519248209893703
0.0018200597260147333
0.0018341431859880686
0.0019092023139819503
0.001999759580940008
0.0021465930622071028
0.0022676519583910704
0.002197954338043928
0.0021298497449606657
0.0021192014683037996
0.002163052326068282
0.0021287070121616125
0.002166129881516099
0.002158102346584201
0.002136549912393093
0.0020676457788795233
0.0022425332572311163
0.0022162708919495344
0.002167341997846961
0.0021326104179024696
0.002180834300816059
0.001989360898733139
0.0020673051476478577
0.0021120801102370024
0.002136647468432784
0.0020574964582920074
0.002039962215349078
0.0020714602433145046
0.0021600269246846437
0.002184478333219886
0.002324665430933237
0.002206218894571066
0.0022157314233481884
0.0023223343305289745
0.0023905031848698854
0.002350645372644067
0.002231448423117399
0.002299429615959525
0.002304319990798831
0.0023470229934901
0.0022302567958831787
0.002105469349771738
0.0021195709705352783
0.002203761599957943
0.002309616655111313
0.0024812757037580013
0.002354698721319437
0.0023473079781979322
0.0023483866825699806
0.0023816502653062344
0.002436870476230979
0.0024939568247646093
0.0024227085523307323
0.0023402958177030087
0.002324003493413329
0.0022377546411007643
0.0021289631258696318
0.0021653969306498766
0.002232234226539731
0.0022323799785226583
0.002455721376463771
0.002876204438507557
0.0028404712211340666
0.0025796443223953247
0.0023778623435646296
0.0021723380777984858
0.002226885873824358
0.0023284011986106634
0.002382268663495779
0.0023584773298352957
0.002378958510234952
0.002606254769489169
0.002582021988928318
0.002482667565345764
0.0023876288905739784
0.0023038622457534075
0.002431900706142187
0.002443859586492181
0.002331513212993741
0.0022512064315378666
0.0021313834004104137
0.00236625992693007
0.002392747439444065
0.002313688863068819
0.0022660077083855867
0.0024089680518954992
0.002550028497353196
0.0025580928195267916
0.002537619788199663
0.0023637982085347176
0.0021449546329677105
0.002084349747747183
0.002085860352963209
0.0021866806782782078
0.0022573587484657764
0.0023286438081413507
0.0021888092160224915
0.0021864529699087143
0.002241370500996709
0.002259345492348075
0.0021508829668164253
0.002238748362287879
0.0022398175206035376
0.002301087137311697
0.002332177944481373
0.002590538002550602
0.002605132292956114
0.0026253019459545612
0.003939987160265446
0.002089492743834853
0.004478195682168007
-0.10375845432281494
-0.21975643932819366
-0.2231592833995819
-0.2640419006347656
-0.2027025669813156
-0.132798969745636
-0.0903666540980339
-0.06570600718259811
-0.05220191925764084
-0.05006377771496773
-0.04462086781859398
-0.03944839537143707
-0.034761447459459305
-0.03459446132183075
-0.03572838753461838
-0.032789263874292374
-0.029499411582946777
-0.02456061728298664
-0.02144237793982029
-0.01958654075860977
-0.017296478152275085
-0.0162951797246933
-0.015065411105751991
-0.014206799678504467
-0.013208212330937386
-0.012837720103561878
-0.012295112945139408
-0.012096935883164406
-0.012048603035509586
-0.011860812082886696
-0.011621465906500816
-0.01148969866335392
-0.01118783000856638
-0.010753894224762917
-0.010300766676664352
-0.01005783025175333
-0.009807483293116093
-0.009392155334353447
-0.008676823228597641
-0.008233042433857918
-0.00733035197481513
-0.007102086674422026
-0.006673344410955906
-0.006149634253233671
-0.006271752994507551
-0.006345896515995264
-0.00614501116797328
-0.0060685849748551846
-0.005918846465647221
-0.005747474264353514
-0.003637637011706829
0.0029580320697277784
0.007675601169466972
0.015411455184221268
0.014517390169203281
0.010284342803061008
0.006896306294947863
0.004779429640620947
0.0036684523802250624
0.004254447296261787
0.004060819745063782
0.0037570639979094267
0.0033181856852024794
0.00393007742241025
0.004974452778697014
0.004910341463983059
0.004316903185099363
0.003183696884661913
0.002527834614738822
0.0021876641549170017
0.0014994567027315497
0.001482623745687306
0.0011688780505210161
0.001065092976205051
0.0008625657646916807
0.0008885047282092273
0.001070476369932294
0.001266997423954308
0.0015622114297002554
0.0016478396719321609
0.0017053131014108658
0.0018350599566474557
0.0018238404300063848
0.001759413629770279
0.0016946119721978903
0.0017312058480456471
0.00170904363039881
0.001628975267522037
0.0012449065688997507
0.0010505116079002619
0.0005457554361782968
0.0004990444285795093
0.00033414128120057285
-3.202374864486046e-05
0.00022993380844127387
0.00019266418530605733
0.00012615229934453964
0.00012280001828912646
0.00011633696703938767
4.1218892874894664e-05
0.00021915274555794895
0.0003392868093214929
0.00023187420447357
0.0003320187679491937
0.0003621762152761221
0.00027823972050100565
0.00034506033989600837
0.0003777109377551824
0.0003609049308579415
0.00042251485865563154
0.0003208097768947482
0.0003504944033920765
0.00048610850353725255
0.0004870340635534376
0.00045675819274038076
0.00033882848219946027
0.00042781414231285453
0.000394106114981696
0.0003279012453276664
0.0003759571409318596
0.000588989641983062
0.00047606005682609975
0.0005896077491343021
0.0005713151767849922
0.0005566491163335741
0.0005780768115073442
0.0003594648151192814
0.0002984551538247615
0.00023783015785738826
0.0002696407027542591
1.6105808754218742e-05
0.00013832126569468528
0.00037829115171916783
0.00045978440903127193
0.0007844849023967981
0.0007920549833215773
0.0007787942886352539
0.0006827545585110784
0.0005384514224715531
0.0006036533159203827
0.00040975213050842285
0.00048668193630874157
0.00043030513916164637
0.00043924240162596107
0.0004295135149732232
0.0006641236832365394
0.0006697718636132777
0.0006933300173841417
0.0006300555542111397
0.0006463052704930305
0.0004581245011650026
0.00044997138320468366
0.0004457117465790361
0.0003191700961906463
0.0003401402209419757
0.00033054081723093987
0.00032167561585083604
0.0002647822257131338
0.00034193068859167397
0.00029786291997879744
0.0002065173612209037
0.00016979539941530675
6.478936847997829e-05
0.00023213669192045927
0.00038188512553460896
0.0003172221768181771
0.0003257002681493759
0.00021226306853350252
0.00028483555070124567
0.0002720522170420736
0.00017593178199604154
0.00023183971643447876
0.0002392744063399732
0.000188563164556399
0.00023685736232437193
0.00033652863930910826
0.000378106051357463
0.00038219912676140666
0.0004270607023499906
0.00045512604992836714
0.0006589003023691475
0.000600873667281121
0.00038802268682047725
0.0003362024435773492
-1.3183093869884033e-05
3.0622333724750206e-05
6.099203528719954e-05
0.00016924804367590696
0.00027093998505733907
0.0002380579971941188
0.0002971668145619333
0.00022159521176945418
0.0002329648850718513
0.0003045080229640007
0.0002518471155781299
0.0002811289159581065
0.00036982246092520654
0.00040901440661400557
0.0003696196072269231
0.000449996703537181
0.0005827475106343627
0.0004691382055170834
0.0005004762788303196
0.0005800138460472226
0.000568085175473243
0.00047513816389255226
0.0005957239773124456
0.0006101370672695339
0.0005465966532938182
0.0005441289395093918
0.0007165816496126354
0.0007899744668975472
0.0007603413541801274
0.000551217352040112
0.0005087470053695142
0.0004925034590996802
0.0005011318135075271
0.0006158746546134353
0.000642174098175019
0.0006058141007088125
0.00042961869621649384
0.0005194450495764613
0.00044688142952509224
0.0005282055353745818
0.0005566455656662583
0.00048051701742224395
0.0005045724101364613
0.0005084490403532982
0.0003494244592729956
0.00031032972037792206
0.0003094668500125408
0.00023743326892144978
0.00022717926185578108
0.00010255928646074608
4.235695087118074e-05
-2.2405758500099182e-05
-0.00016139564104378223
-0.00018969870870932937
-6.35503965895623e-05
-7.041850767564029e-05
-2.971747790070367e-06
0.00011807450937340036
0.0001548746949993074
3.272569665568881e-05
8.885326678864658e-05
-8.339632768183947e-05
-0.00013179192319512367
-0.00023873716418165714
-0.00016807361680548638
-0.0001307717029703781
-0.00026545950095169246
-0.00016270916967187077
-0.00026836461620405316
-0.00033962077577598393
-0.00032635650131851435
-0.00021219938935246319
-0.0003243994724471122
-0.0003490079543553293
-0.00039400908281095326
-0.00043944004573859274
-0.000524817151017487
-0.0006464240723289549
-0.0007185412687249482
-0.0007126550190150738
-0.0007848966633901
-0.0007451336132362485
-0.0008877682266756892
-0.0009851495269685984
-0.0012505396734923124
-0.0013833839911967516
-0.0012030114885419607
-0.0012758502271026373
-0.001140371896326542
-0.0012371712364256382
-0.0012710009468719363
-0.0014526409795507789
-0.001644003321416676
-0.0017515388317406178
-0.0017335915472358465
-0.001727510243654251
-0.0016194137278944254
-0.0017288540257140994
-0.0017568104667589068
-0.0017467057332396507
-0.0017981324344873428
-0.0018598182359710336
-0.00178068270906806
-0.0016804480692371726
-0.0016766877379268408
-0.0016016256995499134
-0.0020274296402931213
-0.0021985454950481653
-0.0025780191645026207
-0.002599077532067895
-0.0028249365277588367
-0.0027095028199255466
-0.002758601913228631
-0.0026292121037840843
-0.0029601543210446835
-0.003278047312051058
-0.003671573707833886
-0.0033675970043987036
-0.0035470938310027122
-0.003442963818088174
-0.0035504328552633524
-0.003926682751625776
-0.004071052651852369
-0.004224568605422974
-0.004399256780743599
-0.004573559854179621
-0.004781789146363735
-0.005009347572922707
-0.005138420965522528
-0.005088801495730877
-0.0051667033694684505
-0.0052467696368694305
-0.005202016793191433
-0.00532654020935297
-0.005269788205623627
-0.005185781978070736
-0.005272394977509975
-0.005170541349798441
-0.005135074723511934
-0.0050537362694740295
-0.0050058066844940186
-0.004934371914714575
-0.004812533967196941
-0.004915399476885796
-0.005017386749386787
-0.0050851148553192616
-0.005242639686912298
-0.005220802500844002
-0.00508015975356102
-0.004914082121104002
-0.004741363227367401
-0.004417856689542532
-0.004234188236296177
-0.00436509121209383
-0.004706425126641989
-0.004961667116731405
-0.004713436122983694
-0.0049013965763151646
-0.004588231444358826
-0.004514080937951803
-0.004238971043378115
-0.004369610920548439
-0.0043324739672243595
-0.0044148946180939674
-0.004097730852663517
-0.0038441382348537445
-0.003556975396350026
-0.0036617976147681475
-0.0034727551974356174
-0.0035386846866458654
-0.0034417598508298397
-0.0030915644019842148
-0.0031348587945103645
-0.002971841022372246
-0.00265503884293139
-0.0022780608851462603
-0.0018170407274737954
-0.0017674375558272004
-0.0016049721743911505
-0.0016770134679973125
-0.0015218737535178661
-0.0013151823077350855
-0.0013632422778755426
-0.0010598115622997284
-0.0010001978371292353
-0.0007736000115983188
-0.0008124758023768663
-0.001008485327474773
-0.00104158790782094
-0.001007657963782549
-0.0011010539019480348
-0.0008711869595572352
-0.0007759660365991294
-0.0005340414354577661
-0.00035229450440965593
-0.00019545703253243119
-0.00013670521730091423
0.00015248656563926488
8.756540773902088e-05
7.88574106991291e-05
4.422459824127145e-05
-0.00014021249080542475
-0.0002424250269541517
-0.00017939468671102077
0.00017498164379503578
0.00036507099866867065
0.000634576310403645
0.0008905826834961772
0.0009683677926659584
0.0010573711479082704
0.0010290805948898196
0.0012594774598255754
0.0012980764731764793
0.0013596051139757037
0.0014328090474009514
0.0014457758516073227
0.0015900104772299528
0.0014335047453641891
0.0015773753402754664
0.0017027931753546
0.001810180488973856
0.0017152430955320597
0.001820823410525918
0.001760695711709559
0.001704197027720511
0.0015765371499583125
0.0015711013693362474
0.0017340111080557108
0.0018060053698718548
0.0018444048473611474
0.001870684907771647
0.0018103002803400159
0.0019442589255049825
0.001943745301105082
0.002028954215347767
0.001966973766684532
0.0022291401401162148
0.0022108734119683504
0.002219975460320711
0.002146786777302623
0.0022281974088400602
0.0019171591848134995
0.001868072897195816
0.0019127002451568842
0.002006057882681489
0.001907429308630526
0.002133925911039114
0.0020962052512913942
0.0020387580152601004
0.0019583103712648153
0.002011359203606844
0.0020800656639039516
0.0019578926730901003
0.002039761282503605
0.0020106625743210316
0.002014526631683111
0.0018798279343172908
0.0019717542454600334
0.0019539915956556797
0.0019362985622137785
0.0019461455522105098
0.001965060131624341
0.001954146195203066
0.001966903917491436
0.001980115659534931
0.001982597867026925
0.0020719936583191156
0.001927245524711907
0.0020811029244214296
0.0019484644290059805
0.0018418221734464169
0.0018606396624818444
0.001998330233618617
0.0020805050153285265
0.0021975880954414606
0.0022014202550053596
0.002095849486067891
0.0020755783189088106
0.002058628248050809
0.002167759696021676
0.002075435360893607
0.0019679253455251455
0.0021251027937978506
0.0019852598197758198
0.0020109503529965878
0.0019128218991681933
0.0017705673817545176
0.0019717917311936617
0.0018654447048902512
0.0019523092778399587
0.0019116620533168316
0.002225264208391309
0.0022136177867650986
0.0021685173269361258
0.0021194652654230595
0.002198129892349243
0.00209023361094296
0.0018872387008741498
0.0020423345267772675
0.002105371095240116
0.002058142563328147
0.0019705055747181177
0.0022439344320446253
0.002159434836357832
0.002073058392852545
0.0021438810508698225
0.0021407082676887512
0.0021310928277671337
0.002091796835884452
0.002135536167770624
0.002110111527144909
0.0021012781653553247
0.002087834058329463
0.0020905460696667433
0.0021160771138966084
0.002106294734403491
0.0021098048891872168
0.0021541020832955837
0.0020783012732863426
0.00206822925247252
0.002131836023181677
0.0021423499565571547
0.001993640558794141
0.0020483508706092834
0.0019999013748019934
0.001969632925465703
0.0019834814593195915
0.002218210371211171
0.0021755604539066553
0.0020838568452745676
0.002157420851290226
0.002214812906458974
0.0021774761844426394
0.0022221377585083246
0.002253988990560174
0.0023121482226997614
0.0023424439132213593
0.0023143577855080366
0.002327624009922147
0.002308749593794346
0.0023226027842611074
0.002076178789138794
0.002167866798117757
0.0021716838236898184
0.002232127822935581
0.0021927552297711372
0.0023402331862598658
0.002413359936326742
0.0023219643626362085
0.002296112710610032
0.0023028706200420856
0.0021811099722981453
0.001680708839558065
0.0015181729104369879
0.001576475566253066
0.0016996803460642695
0.001966841286048293
0.0017982367426156998
0.0018450894858688116
0.0017363820225000381
0.0018489331705495715
0.001751252799294889
0.001779873506166041
0.0017366533866152167
0.0017066688742488623
0.0017378603806719184
0.0017138043185696006
0.0019352886592969298
0.0017815310275182128
0.0017670857487246394
0.0017279949970543385
0.001774087781086564
0.0020417417399585247
0.001991328550502658
0.0019059379119426012
0.0019490214763209224
0.001983104972168803
0.0018397917738184333
0.0019337855046615005
0.0020215697586536407
0.0019714636728167534
0.002078719437122345
0.002284462796524167
0.0023140686098486185
0.0021381541155278683
0.0020058127120137215
0.0018339798552915454
0.001736984122544527
0.0017185345059260726
0.0017666282365098596
0.0018019332783296704
0.0021071527153253555
0.0020246640779078007
0.0019865157082676888
0.0018652845174074173
0.0018255276372656226
0.0015839609550312161
0.0016310947248712182
0.001571186468936503
0.0016259083058685064
0.0016419206513091922
0.0018412854988127947
0.002152737695723772
0.0023089267779141665
0.0023055155761539936
0.002111665206030011
0.0018778166268020868
0.002115183509886265
0.0020185133907943964
0.002081996761262417
0.002024794463068247
0.0019882172346115112
0.0017165089957416058
0.0016967135015875101
0.001770894043147564
0.00187770277261734
0.0019339623395353556
0.0017943119164556265
0.0016936662141233683
0.0016703655710443854
0.0016675160732120275
0.0016552431043237448
0.0016329374630004168
0.0016637933440506458
0.0017064516432583332
0.0017040297389030457
0.0017069971654564142
0.0018610471161082387
0.001797375618480146
0.0016983667155727744
0.0016231139888986945
0.0015068332431837916
0.0011971062049269676
0.0012344076531007886
0.0013640887336805463
0.00149349810089916
0.0016608914593234658
0.001618299400433898
0.0016800194280222058
0.0015975100686773658
0.0016125431284308434
0.001455205027014017
0.001510192989371717
0.001472146832384169
0.0014684222405776381
0.0015325340209528804
0.0016491235001012683
0.0016482872888445854
0.001805430743843317
0.0017212745733559132
0.0016578745562583208
0.0014437346253544092
0.0017202016897499561
0.00171593704726547
0.0016853559063747525
0.001630593789741397
0.0016758543206378818
0.001573906047269702
0.0016714853700250387
0.0015962591860443354
0.0014852823223918676
0.0015905037289485335
0.0018218979239463806
0.0019478086614981294
0.0017889378359541297
0.0016153076430782676
0.0013539907522499561
0.0011231928365305066
0.001306801801547408
0.001400822657160461
0.0014927260344848037
0.001574964146129787
0.0015178947942331433
0.0013321632286533713
0.0011337808100506663
0.001204942585900426
0.0012277769856154919
0.001100951456464827
0.0010908012045547366
0.0011246302165091038
0.0011806788388639688
0.0013245925074443221
0.0014567470643669367
0.0013779359869658947
0.0013008459936827421
0.0012289052829146385
0.0012151324190199375
0.0013992739841341972
0.0013683363795280457
0.0013448848621919751
0.0012060076696798205
0.0013458169996738434
0.0013717194087803364
0.0014607566408813
0.0014282326446846128
0.0013371934182941914
0.0011137771653011441
0.001045636017806828
0.0009596796007826924
0.0010420192265883088
0.0010940885404124856
0.0011931777698919177
0.001010137377306819
0.0009930591331794858
0.001066373661160469
0.001168108661659062
0.001156209735199809
0.0011365585960447788
0.0010569676524028182
0.0010776207782328129
0.0011457805521786213
0.0010698267724364996
0.0009570380789227784
0.0009219013154506683
0.0010488830739632249
0.001107091549783945
0.0012274530017748475
0.0015004567103460431
0.0013576314086094499
0.0012783455895259976
0.0012423658045008779
0.0012224040692672133
0.0012325352290645242
0.0013644939754158258
0.0014696463476866484
0.0013843461638316512
0.0013655200600624084
0.0013940547360107303
0.0014331976417452097
0.0014348328113555908
0.0013746119802817702
0.0012403741711750627
0.0011667348444461823
0.0012249264400452375
0.001314271823503077
0.0013685207813978195
0.0012994905700907111
0.0011770742712542415
0.0011920231627300382
0.0013195453211665154
0.0014549139887094498
0.0014397313352674246
0.001319659291766584
0.0013071444118395448
0.0013999382499605417
0.001495139324106276
0.001606687088496983
0.0016860882751643658
0.0016505029052495956
0.0016025062650442123
0.0016158133512362838
0.0015970263630151749
0.0016309658531099558
0.0016180840320885181
0.001594710280187428
0.0015680643264204264
0.001762131112627685
0.0018123213667422533
0.0018677142215892673
0.0018213973380625248
0.0016976338811218739
0.0015476407716050744
0.0015386173035949469
0.001528640161268413
0.0015346022555604577
0.00155921233817935
0.001509881461970508
0.0013886808883398771
0.0014569009654223919
0.0016049339901655912
0.00166550453286618
0.0017066359287127852
0.001728107687085867
0.0017095516668632627
0.0017590780043974519
0.0018181970808655024
0.0018932874081656337
0.001908758538775146
0.0018789871828630567
0.001810316345654428
0.0017966146115213633
0.0018275849288329482
0.0018046399345621467
0.001866705366410315
0.0018728323047980666
0.001810903544537723
0.001772903255186975
0.00161254545673728
0.0015859933337196708
0.0016883931821212173
0.0017692246474325657
0.0018133707344532013
0.0017244401387870312
0.0016577576752752066
0.0016622551484033465
0.0017053557094186544
0.0018412396311759949
0.0018769553862512112
0.00188346893992275
0.001808734843507409
0.0017112547066062689
0.0016549417050555348
0.0015111567918211222
0.0015542847104370594
0.001582724740728736
0.00161993526853621
0.0013968400890007615
0.0012742889812216163
0.001275432645343244
0.0014254131820052862
0.001597567810676992
0.0017556017264723778
0.001854001428000629
0.0018209300469607115
0.0017673250986263156
0.001749857678078115
0.0019396699499338865
0.0020672630053013563
0.002060153055936098
0.0019250757759436965
0.0018106306670233607
0.0017346470849588513
0.0017805317183956504
0.001823003520257771
0.0018310644663870335
0.0017960055265575647
0.0016918214969336987
0.0016377759166061878
0.0016730872448533773
0.0017759454203769565
0.0018597067100927234
0.0017712294356897473
0.0019072192953899503
0.0017888431902974844
0.0017268231604248285
0.0017947809537872672
0.0019317208789288998
0.002138775307685137
0.0021540638990700245
0.0019675157964229584
0.0018165353685617447
0.001625628094188869
0.0017494165804237127
0.0018584238132461905
0.001892987173050642
0.0018622089410200715
0.0018088164506480098
0.0018245577812194824
0.001826703897677362
0.0018938961438834667
0.0019610272720456123
0.002072980161756277
0.002227005548775196
0.002209227764979005
0.002174156252294779
0.0021273684687912464
0.0022878048475831747
0.0023471012245863676
0.002391581889241934
0.00227034161798656
0.0021760500967502594
0.0022267543245106936
0.002375294454395771
0.002411716617643833
0.0023835471365600824
0.0022883571218699217
0.0020002303645014763
0.0019793203100562096
0.0020339975599199533
0.002094370312988758
0.0021405708976089954
0.002091221744194627
0.0018536406569182873
0.0018532428657636046
0.001974705373868346
0.0020995161030441523
0.0021745525300502777
0.0020655596163123846
0.0020382930524647236
0.0020680793095380068
0.0021245419047772884
0.002188148209825158
0.0021270597353577614
0.0021315983030945063
0.002198424655944109
0.002237860346212983
0.002308598253875971
0.0022234474308788776
0.0022004039492458105
0.0022314891684800386
0.0022751351352781057
0.0021857458632439375
0.002166574588045478
0.002114789327606559
0.002048968570306897
0.0020445699337869883
0.0021876085083931684
0.0021932937670499086
0.0021599787287414074
0.0020966629963368177
0.0020629502832889557
0.002157696755602956
0.002171045169234276
0.0021975727286189795
0.002176565583795309
0.002105552004650235
0.001856329501606524
0.0018940222216770053
0.0018826460000127554
0.0019838628359138966
0.00203608232550323
0.0020519248209893703
0.0018200597260147333
0.0018341431859880686
0.0019092023139819503
0.001999759580940008
0.0021465930622071028
0.0022676519583910704
0.002197954338043928
0.0021298497449606657
0.0021192014683037996
0.002163052326068282
0.0021287070121616125
0.002166129881516099
0.002158102346584201
0.002136549912393093
0.0020676457788795233
0.0022425332572311163
0.0022162708919495344
0.002167341997846961
0.0021326104179024696
0.002180834300816059
0.001989360898733139
0.0020673051476478577
0.0021120801102370024
0.002136647468432784
0.0020574964582920074
0.002039962215349078
0.0020714602433145046
0.0021600269246846437
0.002184478333219886
0.002324665430933237
0.002206218894571066
0.0022157314233481884
0.0023223343305289745
0.0023905031848698854
0.002350645372644067
0.002231448423117399
0.002299429615959525
0.002304319990798831
0.0023470229934901
0.0022302567958831787
0.002105469349771738
0.0021195709705352783
0.002203761599957943
0.002309616655111313
0.0024812757037580013
0.002354698721319437
0.0023473079781979322
0.0023483866825699806
0.0023816502653062344
0.002436870476230979
0.0024939568247646093
0.0024227085523307323
0.0023402958177030087
0.002324003493413329
0.0022377546411007643
0.0021289631258696318
0.0021653969306498766
0.002232234226539731
0.0022323799785226583
0.002455721376463771
0.002876204438507557
0.0028404712211340666
0.0025796443223953247
0.0023778623435646296
0.0021723380777984858
0.002226885873824358
0.0023284011986106634
0.002382268663495779
0.0023584773298352957
0.002378958510234952
0.002606254769489169
0.002582021988928318
0.002482667565345764
0.0023876288905739784
0.0023038622457534075
0.002431900706142187
0.002443859586492181
0.002331513212993741
0.0022512064315378666
0.0021313834004104137
0.00236625992693007
0.002392747439444065
0.002313688863068819
0.0022660077083855867
0.0024089680518954992
0.002550028497353196
0.0025580928195267916
0.002537619788199663
0.0023637982085347176
0.0021449546329677105
0.002084349747747183
0.002085860352963209
0.0021866806782782078
0.0022573587484657764
0.0023286438081413507
0.0021888092160224915
0.0021864529699087143
0.002241370500996709
0.002259345492348075
0.0021508829668164253
0.002238748362287879
0.0022398175206035376
0.002301087137311697
0.002332177944481373
0.002590538002550602
0.002605132292956114
0.0026253019459545612
0.003939987160265446
0.002089492743834853
0.004478195682168007
