-4.672382480919168e-10
-4.672382480919168e-10
0.11079142987728119
-0.02904571034014225
-0.12906159460544586
-0.23834970593452454
-0.2310839146375656
-0.16236837208271027
-0.11111289262771606
-0.10544537752866745
-0.04555357247591019
0.06516042351722717
0.08202354609966278
0.07975178211927414
0.08223941922187805
0.084561288356781
0.08195105940103531
0.07682526111602783
0.07619322836399078
0.07785116136074066
0.07919826358556747
0.08378375321626663
0.0795527920126915
0.07103750109672546
0.07174130529165268
0.07490124553442001
0.07448416948318481
0.07441604882478714
0.07266606390476227
0.07208091020584106
0.0732937678694725
0.07446879148483276
0.07058440893888474
0.07423373311758041
0.07492980360984802
0.07959841936826706
0.07192539423704147
0.06980358809232712
0.0741504579782486
0.06617303937673569
0.06692009419202805
0.022149914875626564
-0.20381182432174683
-0.3981713354587555
-0.48168885707855225
-0.36086735129356384
-0.20059111714363098
-0.17628513276576996
-0.059932805597782135
0.0663868635892868
0.0701444000005722
0.07292325794696808
0.07266237586736679
0.07920416444540024
0.08207116276025772
0.08279182761907578
0.08021518588066101
0.08110126107931137
0.0800171047449112
0.07774865627288818
0.07772769033908844
0.07701155543327332
0.07808299362659454
0.07760564982891083
0.07469400018453598
0.07204952090978622
0.0718192309141159
0.07535365968942642
0.07608532160520554
0.07431799918413162
0.07423266023397446
0.07408271729946136
0.07244548946619034
0.07058491557836533
0.06901314109563828
0.06880465894937515
0.07252617925405502
-0.017967507243156433
-0.3575541079044342
-0.5561597347259521
-0.590579092502594
-0.351608544588089
-0.15733207762241364
-0.05878228694200516
0.054448775947093964
0.06885398924350739
0.08261565864086151
0.08551865816116333
0.09088660031557083
0.08942937105894089
0.0873267874121666
0.0791047140955925
0.08171824365854263
0.08598776906728745
0.08068353682756424
0.07902667671442032
0.0772252306342125
0.07778098434209824
0.07450058311223984
0.07567812502384186
0.07718033343553543
0.06972071528434753
0.07509507983922958
0.07522538304328918
0.07644233107566833
0.07869377732276917
0.07715266942977905
0.07621684670448303
0.07377545535564423
0.07213881611824036
0.0701713114976883
0.06886384636163712
0.07219789177179337
-0.018270721659064293
-0.3602423667907715
-0.5689471960067749
-0.5967782139778137
-0.38594916462898254
-0.18550272285938263
-0.044727545231580734
0.059153396636247635
0.05807418376207352
0.07874664664268494
0.07394356280565262
0.08838503807783127
0.0708068385720253
0.07507491856813431
0.07143097370862961
0.07903817296028137
0.07644356787204742
0.07919187843799591
0.07753796130418777
0.07724212855100632
0.07815965265035629
0.07803694903850555
0.07953935116529465
0.08043347299098969
0.0802198126912117
0.07905411720275879
0.07807859778404236
0.07659126818180084
0.07458657026290894
0.07461625337600708
0.07375845313072205
0.07240905612707138
0.07138781994581223
0.06719417870044708
0.0692196860909462
0.04947240278124809
-0.22868706285953522
-0.5293640494346619
-0.6023041605949402
-0.4461319148540497
-0.21112585067749023
-0.09513410925865173
0.042996395379304886
0.05603992938995361
0.0864250436425209
0.08687514066696167
0.09724106639623642
0.08255892246961594
0.07675481587648392
0.07387193292379379
0.07866203784942627
0.07799617201089859
0.07860586792230606
0.07700253278017044
0.07636189460754395
0.07631359994411469
0.07564642280340195
0.0757957324385643
0.07720108330249786
0.07861215621232986
0.07808000594377518
0.07798127084970474
0.07595392316579819
0.07209120690822601
0.07206787168979645
0.07117077708244324
0.07028326392173767
0.07079644501209259
0.06874674558639526
0.06938853859901428
0.025700891390442848
-0.2863631844520569
-0.5510663986206055
-0.5972185134887695
-0.4067361652851105
-0.1873731017112732
-0.07705909758806229
0.055239997804164886
0.05456539988517761
0.08381485193967819
0.07883083075284958
0.07900401949882507
0.06797247380018234
0.06888646632432938
0.07073508203029633
0.07963579893112183
0.0795527771115303
0.08014018088579178
0.07660218328237534
0.07472439110279083
0.0755213275551796
0.07600419223308563
0.0772867351770401
0.07845553755760193
0.07964380085468292
0.07905862480401993
0.08026672154664993
0.07775822281837463
0.07361845672130585
0.07238376885652542
0.07151343673467636
0.0696830078959465
0.06923378258943558
0.06851296871900558
0.06978961080312729
0.02027493715286255
-0.2789674997329712
-0.5393365025520325
-0.592166543006897
-0.4058700203895569
-0.18693731725215912
-0.06504228711128235
0.05635899305343628
0.05989299714565277
0.08160580694675446
0.07936301082372665
0.09182930737733841
0.07811957597732544
0.07658272236585617
0.07250477373600006
0.07898449152708054
0.07663234323263168
0.07789048552513123
0.0751718133687973
0.0740966647863388
0.07586106657981873
0.07712899148464203
0.0756615400314331
0.07877102494239807
0.0786917433142662
0.07849468290805817
0.07855181396007538
0.07681989669799805
0.07406014949083328
0.07410743087530136
0.07282479852437973
0.07115189731121063
0.06982941925525665
0.06644807010889053
0.0686459094285965
0.05187176540493965
-0.17554673552513123
-0.49632933735847473
-0.6004748940467834
-0.4836483895778656
-0.24482472240924835
-0.12113504111766815
0.02132640779018402
0.0596497468650341
0.08693025261163712
0.09190595149993896
0.09972287714481354
0.09204099327325821
0.08288820832967758
0.07743486016988754
0.07887878268957138
0.07655457407236099
0.08003095537424088
0.07871214300394058
0.07784687727689743
0.07676438987255096
0.07604261487722397
0.0783279612660408
0.07868518680334091
0.07801685482263565
0.07836604118347168
0.07834798097610474
0.0762983188033104
0.07426458597183228
0.07389120757579803
0.07236069440841675
0.0700945258140564
0.06898706406354904
0.06719380617141724
0.06691927462816238
-0.04056738317012787
-0.36842983961105347
-0.5655622482299805
-0.580333411693573
-0.37366151809692383
-0.1735999435186386
-0.022486524656414986
0.05298152193427086
0.059149496257305145
0.07772472500801086
0.07223407179117203
0.08135775476694107
0.0739564448595047
0.07660223543643951
0.07292058318853378
0.07613484561443329
0.07703310996294022
0.07733053714036942
0.07658858597278595
0.07785651832818985
0.07776230573654175
0.07759945094585419
0.07675608992576599
0.07902539521455765
0.08038727194070816
0.07958358526229858
0.0786323994398117
0.07607697695493698
0.07281416654586792
0.07270659506320953
0.07205895334482193
0.07101146876811981
0.07136039435863495
0.06763966381549835
0.06679214537143707
0.047441210597753525
-0.2248087078332901
-0.5335747599601746
-0.6003782749176025
-0.4597259759902954
-0.22470545768737793
-0.091870978474617
0.051926154643297195
0.06038982793688774
0.08416575193405151
0.08288266509771347
0.08008476346731186
0.07525520771741867
0.07391483336687088
0.07240908592939377
0.08114313334226608
0.08095712214708328
0.08085404336452484
0.07854258269071579
0.07666877657175064
0.07578735053539276
0.07630318403244019
0.07714316248893738
0.07788264751434326
0.07936730980873108
0.07852275669574738
0.07799637317657471
0.07599879801273346
0.07282646000385284
0.0718228816986084
0.07115834206342697
0.07023400068283081
0.07110395282506943
0.06976130604743958
0.06852404773235321
0.06481708586215973
-0.0831528827548027
-0.420824259519577
-0.5675119161605835
-0.5330631732940674
-0.30866754055023193
-0.1491728276014328
-0.02893909625709057
0.07987802475690842
0.0836869403719902
0.08382996171712875
0.08473002910614014
0.08943646401166916
0.07808201014995575
0.07837691158056259
0.0781223475933075
0.07130291312932968
0.07895193248987198
0.08016467839479446
0.07940414547920227
0.07631858438253403
0.0758959949016571
0.07639263570308685
0.07586353272199631
0.07548333704471588
0.07373486459255219
0.07236982136964798
0.07377290725708008
0.07382237911224365
0.07331319153308868
0.0712350457906723
0.07000891864299774
0.06884594261646271
0.06669221818447113
0.06797370314598083
0.014261447824537754
-0.2998257577419281
-0.5522017478942871
-0.5974678993225098
-0.41351082921028137
-0.19464325904846191
-0.07386142015457153
0.058838702738285065
0.059084221720695496
0.08022690564393997
0.0809381902217865
0.08717487752437592
0.07799967378377914
0.07772296667098999
0.07701289653778076
0.07719441503286362
0.08091636747121811
0.08041530102491379
0.07773991674184799
0.0779021754860878
0.07858511805534363
0.07764338701963425
0.07858487963676453
0.07967162877321243
0.07873965054750443
0.07663018256425858
0.07627186924219131
0.07688296586275101
0.07572932541370392
0.07516598701477051
0.07240832597017288
0.06974940747022629
0.06811251491308212
0.06692158430814743
0.06466379016637802
-0.06779280304908752
-0.41143491864204407
-0.5827997922897339
-0.5666651129722595
-0.33787471055984497
-0.16016505658626556
-0.010083470493555069
0.07412078231573105
0.07329072803258896
0.0846329927444458
0.08278050273656845
0.09148600697517395
0.08302737772464752
0.08261191099882126
0.07374300062656403
0.08364427089691162
0.08269087225198746
0.08157406002283096
0.07971197366714478
0.0797531008720398
0.07877537608146667
0.0780283585190773
0.08093979209661484
0.08075355738401413
0.07846382260322571
0.07696732133626938
0.07668285816907883
0.07573636621236801
0.07477588206529617
0.0745839849114418
0.07219203561544418
0.06984052062034607
0.0673336610198021
0.06796243041753769
0.05917925015091896
-0.17171144485473633
-0.49943360686302185
-0.6131059527397156
-0.5320090651512146
-0.30169618129730225
-0.1441819816827774
0.03568035736680031
0.05710757151246071
0.07215078175067902
0.07737080752849579
0.09043779969215393
0.09310998767614365
0.08814970403909683
0.07947316020727158
0.07979843765497208
0.0814945176243782
0.08313342928886414
0.08270825445652008
0.07947800308465958
0.07853999733924866
0.0777558907866478
0.07617787271738052
0.07507603615522385
0.07588145136833191
0.07768844068050385
0.07721715420484543
0.07699499279260635
0.07506828755140305
0.07213832437992096
0.07202451676130295
0.0713815912604332
0.07047668844461441
0.0718940794467926
0.06864434480667114
0.06739345192909241
0.043107520788908005
-0.22178667783737183
-0.5236517786979675
-0.5933801531791687
-0.4595112204551697
-0.22772625088691711
-0.09254421293735504
0.04666653275489807
0.06679408997297287
0.09170626848936081
0.08854801207780838
0.08893519639968872
0.08452243357896805
0.07945633679628372
0.07643011212348938
0.08122462034225464
0.0782049223780632
0.07924866676330566
0.07856982946395874
0.07675444334745407
0.07558926939964294
0.07616400718688965
0.07673241198062897
0.07746424525976181
0.07819151878356934
0.07684881240129471
0.0754910334944725
0.07525677233934402
0.07239430397748947
0.07225736975669861
0.07116148620843887
0.07009796053171158
0.07076393067836761
0.06816922128200531
0.06787225604057312
0.03036969155073166
-0.26643118262290955
-0.5342987775802612
-0.5906829237937927
-0.42426708340644836
-0.20316703617572784
-0.06695542484521866
0.057788047939538956
0.06597155332565308
0.08465428650379181
0.08346039801836014
0.09271765500307083
0.08173979818820953
0.0797848179936409
0.07616477459669113
0.07733240723609924
0.08162518590688705
0.08117620646953583
0.0783003717660904
0.07627066969871521
0.07575254142284393
0.07070328295230865
0.07766981422901154
0.07896043360233307
0.07771491259336472
0.07622823119163513
0.07554088532924652
0.07570192217826843
0.07578004896640778
0.07547292113304138
0.07281463593244553
0.070216603577137
0.06829308718442917
0.06578680127859116
0.06760646402835846
0.02491864375770092
-0.28913426399230957
-0.556025505065918
-0.6043210029602051
-0.4165632128715515
-0.1885833442211151
-0.0805070549249649
0.057989463210105896
0.06025249883532524
0.07975058257579803
0.0809432715177536
0.08517436683177948
0.075581856071949
0.07542223483324051
0.07412821799516678
0.08102274686098099
0.07863227277994156
0.07935898005962372
0.07716170698404312
0.07754620909690857
0.07741221785545349
0.0773775577545166
0.07592960447072983
0.07791395485401154
0.07802245765924454
0.0764107033610344
0.07538749277591705
0.07516087591648102
0.07266689091920853
0.0728941410779953
0.07182013988494873
0.07037639617919922
0.07027871161699295
0.06780637800693512
0.06822562217712402
0.019592028111219406
-0.2987407147884369
-0.5495838522911072
-0.5892971158027649
-0.4010680615901947
-0.19244757294654846
-0.07234759628772736
0.05877850204706192
0.06292114406824112
0.08420685678720474
0.0836607813835144
0.08677159249782562
0.07967813313007355
0.07802078872919083
0.07621747255325317
0.08100348711013794
0.0842941403388977
0.08168726414442062
0.0791960060596466
0.07764503359794617
0.07796767354011536
0.07892965525388718
0.07681112736463547
0.07968144118785858
0.07925037294626236
0.07703231275081635
0.07610360532999039
0.07503665238618851
0.0731215700507164
0.07363352179527283
0.07241026312112808
0.0706285759806633
0.0695936530828476
0.06800228357315063
0.06849750876426697
-0.028178835287690163
-0.3664727807044983
-0.5698261260986328
-0.5746303796768188
-0.3467041254043579
-0.15918655693531036
-0.034740813076496124
0.06500189006328583
0.05885932967066765
0.07920587062835693
0.07565807551145554
0.08589442074298859
0.07498501241207123
0.07956858724355698
0.0756714791059494
0.08214893937110901
0.08030153065919876
0.08168438076972961
0.0789884403347969
0.07783123850822449
0.07811199873685837
0.0740637332201004
0.07985398918390274
0.08147285878658295
0.08121959865093231
0.0802999958395958
0.07905789464712143
0.07711562514305115
0.07607414573431015
0.07494291663169861
0.07267884910106659
0.06984490156173706
0.06790151447057724
0.06859684735536575
0.0630149394273758
-0.1162019893527031
-0.45945537090301514
-0.6050286889076233
-0.5518304705619812
-0.32193154096603394
-0.1539168655872345
0.010514901950955391
0.05754874646663666
0.07151443511247635
0.08460702747106552
0.08688341081142426
0.09591597318649292
0.08516999334096909
0.07974279671907425
0.07098361104726791
0.08134093135595322
0.08388499170541763
0.07990974932909012
0.07815054059028625
0.07778225839138031
0.07774945348501205
0.07739591598510742
0.07976964861154556
0.0791991725564003
0.07833819836378098
0.07722166180610657
0.0759863629937172
0.0760970339179039
0.07540378719568253
0.07419190555810928
0.07209470123052597
0.0704406350851059
0.06915462017059326
0.06678943336009979
0.06861169636249542
0.04910365492105484
-0.2123473584651947
-0.5110204815864563
-0.5968316793441772
-0.4660865068435669
-0.22801655530929565
-0.09552229195833206
0.04874374717473984
0.06445210427045822
0.08781599253416061
0.0865601971745491
0.09987736493349075
0.09028832614421844
0.08393241465091705
0.07851292192935944
0.07903050631284714
0.07538716495037079
0.07947177439928055
0.07898771017789841
0.07774375379085541
0.07494442164897919
0.0752437636256218
0.07561875134706497
0.07582113891839981
0.07505437731742859
0.07522875815629959
0.07406320422887802
0.07341054081916809
0.07256816327571869
0.07196486741304398
0.06894040107727051
0.06551139056682587
0.06629937887191772
0.06630188226699829
-0.03851896524429321
-0.3752666115760803
-0.575312077999115
-0.5918969511985779
-0.3971025347709656
-0.19512799382209778
-0.061548687517642975
0.07294963300228119
0.055770568549633026
0.07080230116844177
0.06408881396055222
0.07604421675205231
0.07571019977331161
0.07654986530542374
0.07472073286771774
0.0839034914970398
0.08685153722763062
0.08113262057304382
0.08030501008033752
0.07833431661128998
0.07860013097524643
0.0782904177904129
0.07592669874429703
0.07431057840585709
0.07519889622926712
0.07583177089691162
0.07700692862272263
0.07751017063856125
0.07456617057323456
0.07440377026796341
0.07400114089250565
0.07193490117788315
0.07021241635084152
0.06913422793149948
0.06744943559169769
0.062137141823768616
-0.09867016226053238
-0.4504804015159607
-0.6020145416259766
-0.5528842806816101
-0.3246930241584778
-0.154134139418602
0.00748743861913681
0.05868307128548622
0.07314575463533401
0.08160877227783203
0.0914335548877716
0.09994135797023773
0.08659849315881729
0.07901287823915482
0.07845195382833481
0.07885073870420456
0.08438674360513687
0.08440708369016647
0.07986326515674591
0.07724978029727936
0.0766020342707634
0.0774390771985054
0.06967094540596008
0.07531005144119263
0.07635673135519028
0.07592889666557312
0.07628136873245239
0.07562057673931122
0.07416453212499619
0.07456919550895691
0.07266972213983536
0.07056020945310593
0.06978939473628998
0.06673921644687653
0.06827761232852936
0.03898460790514946
-0.23333360254764557
-0.5182701945304871
-0.5915147066116333
-0.4410209655761719
-0.2106812298297882
-0.07715034484863281
0.05824380740523338
0.07058490812778473
0.09124480187892914
0.0875646248459816
0.0940314307808876
0.08261054754257202
0.07860158383846283
0.07611720263957977
0.08184139430522919
0.07961691170930862
0.08040802925825119
0.0802653580904007
0.07762183248996735
0.07674508541822433
0.07476001232862473
0.07698788493871689
0.07685396820306778
0.07599885016679764
0.07443119585514069
0.07344574481248856
0.07373114675283432
0.0736672580242157
0.07380764186382294
0.07163038849830627
0.06867142021656036
0.06802405416965485
0.07023727148771286
0.03626599535346031
-0.25786229968070984
-0.5314302444458008
-0.6082475185394287
-0.4607319235801697
-0.2332356721162796
-0.08912276476621628
0.0655311793088913
0.06121029704809189
0.08301354199647903
0.07628723978996277
0.09182673692703247
0.0899718701839447
0.08589119464159012
0.07569921016693115
0.08123404532670975
0.08330651372671127
0.08346185833215714
0.0813860297203064
0.07888787984848022
0.07842566072940826
0.07795871794223785
0.0763750821352005
0.07427705079317093
0.07644382864236832
0.07804825901985168
0.07721202075481415
0.07821803539991379
0.07420991361141205
0.07219337671995163
0.07198823988437653
0.07075503468513489
0.07015305012464523
0.06948439031839371
0.06983494758605957
0.05462108179926872
-0.17169903218746185
-0.4925522208213806
-0.6001366376876831
-0.5243420600891113
-0.30424290895462036
-0.14438509941101074
0.04061019793152809
0.054708193987607956
0.07532680779695511
0.07991086691617966
0.09465489536523819
0.09832499921321869
0.09220512211322784
0.08371330797672272
0.08176326751708984
0.07833832502365112
0.0843987986445427
0.08468148112297058
0.08058507740497589
0.07916689664125443
0.07738710194826126
0.07605975866317749
0.07580475509166718
0.0780990868806839
0.07779140770435333
0.0774361789226532
0.07802719622850418
0.07492001354694366
0.07273915410041809
0.07384622097015381
0.07298135757446289
0.071187824010849
0.06934192031621933
0.06802105158567429
0.06189192458987236
-0.09826689958572388
-0.44184044003486633
-0.5964770913124084
-0.5658472180366516
-0.35846900939941406
-0.16896742582321167
0.003314256202429533
0.055304694920778275
0.07008987665176392
0.08183729648590088
0.08482910692691803
0.09190071374177933
0.08131183683872223
0.07766459882259369
0.07614537328481674
0.07826899737119675
0.08162704110145569
0.08198472857475281
0.07849761843681335
0.07699771970510483
0.07650835812091827
0.07610795646905899
0.07448840886354446
0.07845635712146759
0.07861727476119995
0.07904530316591263
0.08002620935440063
0.07759314030408859
0.07378966361284256
0.07419673353433609
0.07348055392503738
0.07168225944042206
0.07069312781095505
0.06751210987567902
0.06790138781070709
0.0620112270116806
-0.10694216191768646
-0.44072264432907104
-0.5844770073890686
-0.5305278897285461
-0.3042048513889313
-0.15124009549617767
-0.02975635416805744
0.06486359238624573
0.07722584903240204
0.0807327851653099
0.09111110866069794
0.08513479679822922
0.07954591512680054
0.07689545303583145
0.08019451051950455
0.07522909343242645
0.07949702441692352
0.07939045876264572
0.07884608209133148
0.0763019323348999
0.07348265498876572
0.07871460169553757
0.0781182050704956
0.07855169475078583
0.07617691159248352
0.0749778151512146
0.0750156119465828
0.0754738375544548
0.07464966177940369
0.07247462123632431
0.07057232409715652
0.06919363141059875
0.06769730895757675
0.07002135366201401
0.032634176313877106
-0.25563403964042664
-0.5306684374809265
-0.5995810031890869
-0.45491352677345276
-0.230651393532753
-0.10595554858446121
0.04132208600640297
0.047193221747875214
0.07584766298532486
0.07835905253887177
0.09194716066122055
0.07647645473480225
0.07490086555480957
0.07439881563186646
0.0794883444905281
0.014995328150689602
-0.12227196991443634
