[
    [
        -0.004592835,
        -0.8,
        0.8,
        -0.011601585,
        -0.29922062000000005,
        0.29922062000000005,
        -0.004592835,
        -0.8,
        0.8,
        0.011601585,
        0.29922062000000005,
        -0.29922062000000005,
        0.004592835,
        0.8,
        -0.8,
        0.011601585,
        0.29922062000000005,
        -0.29922062000000005
    ],
    [
        -0.04307851062652153,
        -0.8,
        0.8,
        0.02702569774874336,
        -0.3029796544773573,
        0.3029796544773573,
        -0.04307851062652153,
        -0.8,
        0.8,
        -0.02702569774874336,
        0.3029796544773573,
        -0.3029796544773573,
        0.04307851062652153,
        0.8,
        -0.8,
        -0.02702569774874336,
        0.3029796544773573,
        -0.3029796544773573
    ],
    [
        -0.08134852548038547,
        -0.8,
        0.8,
        0.06553425471130991,
        -0.3092576759176527,
        0.3092576759176527,
        -0.08134852548038546,
        -0.8,
        0.8,
        -0.06553425471130991,
        0.3092576759176527,
        -0.3092576759176527,
        0.08134852548038547,
        0.8,
        -0.8,
        -0.06553425471130991,
        0.3092576759176527,
        -0.3092576759176527
    ],
    [
        -0.11917349098895501,
        -0.8,
        0.8,
        0.10368995926953244,
        -0.3179177699690251,
        0.3179177699690251,
        -0.119173490988955,
        -0.8,
        0.8,
        -0.10368995926953246,
        0.3179177699690251,
        -0.3179177699690251,
        0.11917349098895501,
        0.8,
        -0.8,
        -0.10368995926953246,
        0.3179177699690251,
        -0.3179177699690251
    ],
    [
        -0.15632965780769148,
        -0.8,
        0.8,
        0.14126301259657512,
        -0.3288091615099769,
        0.3288091615099769,
        -0.15632965780769145,
        -0.8,
        0.8,
        -0.14126301259657514,
        0.3288091615099769,
        -0.3288091615099769,
        0.15632965780769145,
        0.8,
        -0.8,
        -0.14126301259657514,
        0.3288091615099769,
        -0.3288091615099769
    ],
    [
        -0.19260220279381698,
        -0.8,
        0.8,
        0.17803149442018232,
        -0.3417732659277714,
        0.3417732659277714,
        -0.19260220279381696,
        -0.8,
        0.8,
        -0.17803149442018235,
        0.3417732659277714,
        -0.3417732659277714,
        0.19260220279381696,
        0.8,
        -0.8,
        -0.17803149442018235,
        0.3417732659277714,
        -0.3417732659277714
    ],
    [
        -0.22778814434842032,
        -0.8,
        0.8,
        0.21378456918768846,
        -0.35664924971459017,
        0.35664924971459017,
        -0.22778814434842032,
        -0.8,
        0.8,
        -0.21378456918768848,
        0.35664924971459017,
        -0.35664924971459017,
        0.22778814434842032,
        0.8,
        -0.8,
        -0.21378456918768846,
        0.35664924971459017,
        -0.35664924971459017
    ],
    [
        -0.2616987605069818,
        -0.8,
        0.8,
        0.24832520207215902,
        -0.3732788486699399,
        0.3732788486699399,
        -0.2616987605069818,
        -0.8,
        0.8,
        -0.24832520207215908,
        0.3732788486699399,
        -0.3732788486699399,
        0.2616987605069818,
        0.8,
        -0.8,
        -0.24832520207215902,
        0.3732788486699399,
        -0.3732788486699399
    ],
    [
        -0.29416157394727754,
        -0.8,
        0.8,
        0.2814724376002315,
        -0.39151033287265236,
        0.39151033287265236,
        -0.29416157394727754,
        -0.8,
        0.8,
        -0.28147243760023144,
        0.39151033287265236,
        -0.39151033287265236,
        0.29416157394727754,
        0.8,
        -0.8,
        -0.2814724376002315,
        0.39151033287265236,
        -0.39151033287265236
    ],
    [
        -0.3250215935329137,
        -0.8,
        0.8,
        0.3130629041117561,
        -0.41120147536522905,
        0.41120147536522905,
        -0.3250215935329137,
        -0.8,
        0.8,
        -0.313062904111756,
        0.41120147536522905,
        -0.41120147536522905,
        0.32502159353291366,
        0.8,
        -0.8,
        -0.31306290411175597,
        0.41120147536522905,
        -0.41120147536522905
    ],
    [
        -0.35414209352273585,
        -0.8,
        0.8,
        0.3429518270078783,
        -0.43222159845719255,
        0.43222159845719255,
        -0.35414209352273585,
        -0.8,
        0.8,
        -0.3429518270078783,
        0.43222159845719255,
        -0.43222159845719255,
        0.35414209352273585,
        0.8,
        -0.8,
        -0.3429518270078782,
        0.4322215984571926,
        -0.4322215984571926
    ],
    [
        -0.3814048026050867,
        -0.8,
        0.8,
        0.37101340873585587,
        -0.45445272731325614,
        0.45445272731325614,
        -0.3814048026050867,
        -0.8,
        0.8,
        -0.3710134087358558,
        0.45445272731325614,
        -0.45445272731325614,
        0.38140480260508675,
        0.8,
        -0.8,
        -0.3710134087358557,
        0.45445272731325626,
        -0.45445272731325626
    ],
    [
        -0.4067095797959077,
        -0.8,
        0.8,
        0.3971406505697726,
        -0.47778994647621326,
        0.47778994647621326,
        -0.40670957979590766,
        -0.8,
        0.8,
        -0.3971406505697726,
        0.47778994647621326,
        -0.47778994647621326,
        0.4067095797959076,
        0.8,
        -0.8,
        -0.39714065056977255,
        0.47778994647621337,
        -0.47778994647621337
    ],
    [
        -0.42997364649983233,
        -0.8,
        0.8,
        0.42124468554268685,
        -0.5021410778019727,
        0.5021410778019727,
        -0.4299736464998323,
        -0.8,
        0.8,
        -0.42124468554268696,
        0.5021410778019727,
        -0.5021410778019727,
        0.42997364649983233,
        0.8,
        -0.8,
        -0.42124468554268685,
        0.5021410778019728,
        -0.5021410778019728
    ],
    [
        -0.45113046077779995,
        -0.8,
        0.8,
        0.4432537110982562,
        -0.5274258160765241,
        0.5274258160765241,
        -0.4511304607777999,
        -0.8,
        0.8,
        -0.44325371109825623,
        0.5274258160765241,
        -0.5274258160765241,
        0.45113046077779995,
        0.8,
        -0.8,
        -0.443253711098256,
        0.5274258160765243,
        -0.5274258160765243
    ],
    [
        -0.4701282998193388,
        -0.8,
        0.8,
        0.46311158972300354,
        -0.5535743656762642,
        0.5535743656762642,
        -0.4701282998193388,
        -0.8,
        0.8,
        -0.4631115897230036,
        0.5535743656762642,
        -0.5535743656762642,
        0.4701282998193388,
        0.8,
        -0.8,
        -0.4631115897230034,
        0.5535743656762644,
        -0.5535743656762644
    ],
    [
        -0.48692864678213227,
        -0.8,
        0.8,
        0.4807762206914496,
        -0.5805257883903131,
        0.5805257883903131,
        -0.4869286467821322,
        -0.8,
        0.8,
        -0.48077622069144965,
        0.5805257883903131,
        -0.5805257883903131,
        0.4869286467821322,
        0.8,
        -0.8,
        -0.48077622069144954,
        0.5805257883903133,
        -0.5805257883903133
    ],
    [
        -0.5015044641992243,
        -0.8,
        0.8,
        0.49621776976380466,
        -0.6082260523858898,
        0.6082260523858898,
        -0.5015044641992242,
        -0.8,
        0.8,
        -0.49621776976380466,
        0.6082260523858898,
        -0.6082260523858898,
        0.5015044641992242,
        0.8,
        -0.8,
        -0.4962177697638046,
        0.6082260523858902,
        -0.6082260523858902
    ],
    [
        -0.5138384303465513,
        -0.8,
        0.8,
        0.5094168390723471,
        -0.636625899783388,
        0.636625899783388,
        -0.5138384303465513,
        -0.8,
        0.8,
        -0.5094168390723471,
        0.6366258997833882,
        -0.6366258997833882,
        0.5138384303465513,
        0.8,
        -0.8,
        -0.509416839072347,
        0.6366258997833888,
        -0.6366258997833888
    ],
    [
        -0.5239211947061859,
        -0.8,
        0.8,
        0.520362636848721,
        -0.665678575156486,
        0.665678575156486,
        -0.5239211947061859,
        -0.8,
        0.8,
        -0.5203626368487211,
        0.665678575156486,
        -0.665678575156486,
        0.5239211947061859,
        0.8,
        -0.8,
        -0.5203626368487207,
        0.6656785751564863,
        -0.6656785751564863
    ],
    [
        -0.5317497629691837,
        -0.8,
        0.8,
        0.5290512677890546,
        -0.6953374766084073,
        0.6953374766084073,
        -0.5317497629691837,
        -0.8,
        0.8,
        -0.5290512677890546,
        0.6953374766084072,
        -0.6953374766084072,
        0.5317497629691837,
        0.8,
        -0.8,
        -0.5290512677890545,
        0.6953374766084077,
        -0.6953374766084077
    ],
    [
        -0.5373259779556612,
        -0.8,
        0.8,
        0.535484104310706,
        -0.7255537318618376,
        0.7255537318618376,
        -0.5373259779556612,
        -0.8,
        0.8,
        -0.535484104310706,
        0.7255537318618377,
        -0.7255537318618377,
        0.5373259779556612,
        0.8,
        -0.8,
        -0.5354841043107059,
        0.7255537318618381,
        -0.7255537318618381
    ],
    [
        -0.5406552054125279,
        -0.8,
        0.8,
        0.5396663583084435,
        -0.7562737552996242,
        0.7562737552996242,
        -0.5406552054125278,
        -0.8,
        0.8,
        -0.5396663583084435,
        0.7562737552996242,
        -0.7562737552996242,
        0.5406552054125278,
        0.8,
        -0.8,
        -0.5396663583084435,
        0.7562737552996246,
        -0.7562737552996246
    ],
    [
        -0.5417452606225793,
        -0.7807707615121481,
        0.7807707615121481,
        0.541605891351469,
        -0.787436839530933,
        0.787436839530933,
        -0.5417452606225793,
        -0.7807707615121484,
        0.7807707615121484,
        -0.541605891351469,
        0.7874368395309331,
        -0.7874368395309331,
        0.5417452606225793,
        0.7807707615121482,
        -0.7807707615121482,
        -0.541605891351469,
        0.7874368395309336,
        -0.7874368395309336
    ],
    [
        -0.5406055594129491,
        -0.7491715463869846,
        0.7491715463869846,
        0.5413122439325205,
        -0.8,
        0.8,
        -0.540605559412949,
        -0.7491715463869849,
        0.7491715463869849,
        -0.5413122439325205,
        0.8,
        -0.8,
        0.540605559412949,
        0.7491715463869848,
        -0.7491715463869848,
        -0.5413122439325206,
        0.8,
        -0.8
    ],
    [
        -0.5372465518427377,
        -0.7173854132398774,
        0.7173854132398774,
        0.5387959477269398,
        -0.8,
        0.8,
        -0.5372465518427377,
        -0.7173854132398777,
        0.7173854132398777,
        -0.53879594772694,
        0.8,
        -0.8,
        0.5372465518427376,
        0.7173854132398776,
        -0.7173854132398776,
        -0.53879594772694,
        0.8,
        -0.8
    ],
    [
        -0.5316794424289027,
        -0.6855189511099977,
        0.6855189511099977,
        0.5340681245615615,
        -0.8,
        0.8,
        -0.5316794424289029,
        -0.685518951109998,
        0.685518951109998,
        -0.5340681245615613,
        0.8,
        -0.8,
        0.5316794424289027,
        0.6855189511099979,
        -0.6855189511099979,
        -0.5340681245615613,
        0.8,
        -0.8
    ],
    [
        -0.5239162091656497,
        -0.6536952717528343,
        0.6536952717528343,
        0.5271403861262118,
        -0.8,
        0.8,
        -0.5239162091656496,
        -0.6536952717528346,
        0.6536952717528346,
        -0.5271403861262118,
        0.8,
        -0.8,
        0.5239162091656497,
        0.6536952717528344,
        -0.6536952717528344,
        -0.5271403861262116,
        0.8,
        -0.8
    ],
    [
        -0.5139699274376762,
        -0.622055040285966,
        0.622055040285966,
        0.5180250428457014,
        -0.8,
        0.8,
        -0.5139699274376762,
        -0.6220550402859665,
        0.6220550402859665,
        -0.5180250428457014,
        0.8,
        -0.8,
        0.5139699274376762,
        0.6220550402859663,
        -0.6220550402859663,
        -0.5180250428457013,
        0.8,
        -0.8
    ],
    [
        -0.5018553984154074,
        -0.59075692548452,
        0.59075692548452,
        0.5067356243916779,
        -0.8,
        0.8,
        -0.5018553984154074,
        -0.5907569254845202,
        0.5907569254845202,
        -0.506735624391678,
        0.8,
        -0.8,
        0.5018553984154074,
        0.5907569254845201,
        -0.5907569254845201,
        -0.5067356243916776,
        0.8,
        -0.8
    ],
    [
        -0.48759007290067474,
        -0.5599773377095949,
        0.5599773377095949,
        0.4932877066724859,
        -0.8,
        0.8,
        -0.4875900729006747,
        -0.559977337709595,
        0.559977337709595,
        -0.49328770667248595,
        0.8,
        -0.8,
        0.48759007290067474,
        0.5599773377095949,
        -0.5599773377095949,
        -0.4932877066724857,
        0.8,
        -0.8
    ],
    [
        -0.47119525685576863,
        -0.529909337208646,
        0.529909337208646,
        0.47770003607623285,
        -0.8,
        0.8,
        -0.47119525685576863,
        -0.5299093372086461,
        0.5299093372086461,
        -0.47770003607623296,
        0.8,
        -0.8,
        0.47119525685576863,
        0.5299093372086459,
        -0.5299093372086459,
        -0.47770003607623274,
        0.8,
        -0.8
    ],
    [
        -0.4526975616999508,
        -0.5007605920859588,
        0.5007605920859588,
        0.4599959203695006,
        -0.8,
        0.8,
        -0.4526975616999508,
        -0.5007605920859588,
        0.5007605920859588,
        -0.4599959203695006,
        0.8,
        -0.8,
        0.4526975616999508,
        0.5007605920859586,
        -0.5007605920859586,
        -0.45999592036950043,
        0.8,
        -0.8
    ],
    [
        -0.4321305661035026,
        -0.4727503334521623,
        0.4727503334521623,
        0.44020485864896736,
        -0.8,
        0.8,
        -0.4321305661035026,
        -0.47275033345216216,
        0.47275033345216216,
        -0.44020485864896736,
        0.8,
        -0.8,
        0.4321305661035026,
        0.47275033345216205,
        -0.47275033345216205,
        -0.4402048586489671,
        0.8,
        -0.8
    ],
    [
        -0.4095366268997221,
        -0.4461052906510142,
        0.4461052906510142,
        0.4183643549003448,
        -0.8,
        0.8,
        -0.40953662689972203,
        -0.4461052906510142,
        0.4461052906510142,
        -0.418364354900345,
        0.8,
        -0.8,
        0.40953662689972203,
        0.4461052906510143,
        -0.4461052906510143,
        -0.41836435490034474,
        0.8,
        -0.8
    ],
    [
        -0.3849687679304648,
        -0.42105466980181744,
        0.42105466980181744,
        0.39452184984854594,
        -0.8,
        0.8,
        -0.3849687679304647,
        -0.42105466980181744,
        0.42105466980181744,
        -0.3945218498485461,
        0.8,
        -0.8,
        0.38496876793046486,
        0.42105466980181755,
        -0.42105466980181755,
        -0.39452184984854594,
        0.8,
        -0.8
    ],
    [
        -0.3584925595101157,
        -0.3978243264171908,
        0.3978243264171908,
        0.368736688396708,
        -0.8,
        0.8,
        -0.35849255951011566,
        -0.3978243264171908,
        0.3978243264171908,
        -0.3687366883967082,
        0.8,
        -0.8,
        0.35849255951011577,
        0.39782432641719095,
        -0.39782432641719095,
        -0.3687366883967079,
        0.8,
        -0.8
    ],
    [
        -0.33018788565844753,
        -0.3766303730890722,
        0.3766303730890722,
        0.3410820220676912,
        -0.8,
        0.8,
        -0.33018788565844753,
        -0.3766303730890722,
        0.3766303730890722,
        -0.3410820220676915,
        0.8,
        -0.8,
        0.33018788565844764,
        0.3766303730890724,
        -0.3766303730890724,
        -0.34108202206769117,
        0.8,
        -0.8
    ],
    [
        -0.30015049161345303,
        -0.3576725521537304,
        0.3576725521537304,
        0.3116465379386516,
        -0.8,
        0.8,
        -0.3001504916134529,
        -0.3576725521537305,
        0.3576725521537305,
        -0.31164653793865194,
        0.8,
        -0.8,
        0.30015049161345325,
        0.3576725521537306,
        -0.3576725521537306,
        -0.31164653793865166,
        0.8,
        -0.8
    ],
    [
        -0.26849320023745693,
        -0.34112776850401005,
        0.34112776850401005,
        0.2805358977155235,
        -0.8,
        0.8,
        -0.26849320023745693,
        -0.3411277685040101,
        0.3411277685040101,
        -0.2805358977155238,
        0.8,
        -0.8,
        0.2684932002374572,
        0.34112776850401016,
        -0.34112776850401016,
        -0.2805358977155234,
        0.8,
        -0.8
    ],
    [
        -0.23534668861615055,
        -0.3271442104436363,
        0.3271442104436363,
        0.24787376900742433,
        -0.8,
        0.8,
        -0.23534668861615055,
        -0.3271442104436363,
        0.3271442104436363,
        -0.2478737690074245,
        0.8,
        -0.8,
        0.23534668861615077,
        0.3271442104436364,
        -0.3271442104436364,
        -0.24787376900742422,
        0.8,
        -0.8
    ],
    [
        -0.20085973272228255,
        -0.3158364797689942,
        0.3158364797689942,
        0.21380234339059212,
        -0.8,
        0.8,
        -0.20085973272228255,
        -0.31583647976899415,
        0.31583647976899415,
        -0.21380234339059223,
        0.8,
        -0.8,
        0.20085973272228272,
        0.3158364797689942,
        -0.3158364797689942,
        -0.21380234339059198,
        0.8,
        -0.8
    ],
    [
        -0.16519885007008536,
        -0.3072820967063814,
        0.3072820967063814,
        0.17848225466692919,
        -0.8,
        0.8,
        -0.1651988500700853,
        -0.30728209670638146,
        0.30728209670638146,
        -0.17848225466692927,
        0.8,
        -0.8,
        0.16519885007008542,
        0.30728209670638146,
        -0.30728209670638146,
        -0.178482254666929,
        0.8,
        -0.8
    ],
    [
        -0.12854729921331035,
        -0.3015196458714303,
        0.3015196458714303,
        0.14209183783118,
        -0.8,
        0.8,
        -0.12854729921331023,
        -0.3015196458714303,
        0.3015196458714303,
        -0.1420918378311801,
        0.8,
        -0.8,
        0.1285472992133103,
        0.3015196458714303,
        -0.3015196458714303,
        -0.1420918378311799,
        0.8,
        -0.8
    ],
    [
        -0.09110343817920133,
        -0.2985486981395987,
        0.2985486981395987,
        0.1048257124023951,
        -0.8,
        0.8,
        -0.09110343817920136,
        -0.29854869813959883,
        0.29854869813959883,
        -0.10482571240239519,
        0.8,
        -0.8,
        0.09110343817920134,
        0.2985486981395987,
        -0.2985486981395987,
        -0.10482571240239495,
        0.8,
        -0.8
    ],
    [
        -0.05307847077426579,
        -0.29833149018633154,
        0.29833149018633154,
        0.06689270272340912,
        -0.8,
        0.8,
        -0.053078470774265904,
        -0.29833149018633154,
        0.29833149018633154,
        -0.06689270272340926,
        0.8,
        -0.8,
        0.05307847077426585,
        0.29833149018633154,
        -0.29833149018633154,
        -0.06689270272340897,
        0.8,
        -0.8
    ],
    [
        -0.014693662998250123,
        -0.3007962010030821,
        0.3007962010030821,
        0.02851316467271929,
        -0.8,
        0.8,
        -0.014693662998250251,
        -0.30079620100308213,
        0.30079620100308213,
        -0.02851316467271941,
        0.8,
        -0.8,
        0.01469366299825019,
        0.30079620100308213,
        -0.30079620100308213,
        -0.028513164672719134,
        0.8,
        -0.8
    ],
    [
        0.023822869708627244,
        -0.3058415376375902,
        0.3058415376375902,
        -0.010084187963042633,
        -0.8,
        0.8,
        0.023822869708627122,
        -0.3058415376375902,
        0.3058415376375902,
        0.010084187963042529,
        0.8,
        -0.8,
        -0.023822869708627174,
        0.30584153763759014,
        -0.30584153763759014,
        0.01008418796304278,
        0.8,
        -0.8
    ],
    [
        0.06223966297224487,
        -0.31334225719252173,
        0.31334225719252173,
        -0.04866581782390785,
        -0.8,
        0.8,
        0.06223966297224478,
        -0.3133422571925216,
        0.3133422571925216,
        0.048665817823907755,
        0.8,
        -0.8,
        -0.06223966297224482,
        0.3133422571925217,
        -0.3133422571925217,
        0.04866581782390799,
        0.8,
        -0.8
    ],
    [
        0.1003255408927664,
        -0.32315520851881396,
        0.32315520851881396,
        -0.08699710398452405,
        -0.8,
        0.8,
        0.10032554089276625,
        -0.32315520851881396,
        0.32315520851881396,
        0.086997103984524,
        0.8,
        -0.8,
        -0.10032554089276631,
        0.32315520851881396,
        -0.32315520851881396,
        0.08699710398452418,
        0.8,
        -0.8
    ],
    [
        0.1378532307206596,
        -0.3351254803496675,
        0.3351254803496675,
        -0.12484611870344857,
        -0.8,
        0.8,
        0.13785323072065947,
        -0.3351254803496675,
        0.3351254803496675,
        0.12484611870344854,
        0.8,
        -0.8,
        -0.13785323072065947,
        0.33512548034966744,
        -0.33512548034966744,
        0.12484611870344868,
        0.8,
        -0.8
    ],
    [
        0.17460280155234925,
        -0.3490922853767536,
        0.3490922853767536,
        -0.16198727440826863,
        -0.8,
        0.8,
        0.1746028015523491,
        -0.34909228537675346,
        0.34909228537675346,
        0.1619872744082686,
        0.8,
        -0.8,
        -0.17460280155234909,
        0.3490922853767535,
        -0.3490922853767535,
        0.16198727440826877,
        0.8,
        -0.8
    ],
    [
        0.21036479025305393,
        -0.36489428073986746,
        0.36489428073986746,
        -0.1982046886063331,
        -0.8,
        0.8,
        0.21036479025305374,
        -0.3648942807398674,
        0.3648942807398674,
        0.198204688606333,
        0.8,
        -0.8,
        -0.21036479025305374,
        0.3648942807398674,
        -0.3648942807398674,
        0.1982046886063332,
        0.8,
        -0.8
    ],
    [
        0.24494288631472644,
        -0.38237410563051866,
        0.38237410563051866,
        -0.2332951217152067,
        -0.8,
        0.8,
        0.24494288631472633,
        -0.3823741056305187,
        0.3823741056305187,
        0.23329512171520655,
        0.8,
        -0.8,
        -0.2449428863147264,
        0.38237410563051866,
        -0.38237410563051866,
        0.23329512171520683,
        0.8,
        -0.8
    ],
    [
        0.27815614840701297,
        -0.4013820319241582,
        0.4013820319241582,
        -0.2670704468887822,
        -0.8,
        0.8,
        0.2781561484070129,
        -0.4013820319241582,
        0.4013820319241582,
        0.26707044688878206,
        0.8,
        -0.8,
        -0.2781561484070131,
        0.4013820319241582,
        -0.4013820319241582,
        0.26707044688878234,
        0.8,
        -0.8
    ],
    [
        0.30984061705322036,
        -0.4217786473455097,
        0.4217786473455097,
        -0.29935950074686246,
        -0.8,
        0.8,
        0.30984061705322047,
        -0.4217786473455097,
        0.4217786473455097,
        0.2993595007468622,
        0.8,
        -0.8,
        -0.3098406170532205,
        0.4217786473455097,
        -0.4217786473455097,
        0.2993595007468625,
        0.8,
        -0.8
    ],
    [
        0.33985032871117415,
        -0.4434366158543333,
        0.4434366158543333,
        -0.3300093088910823,
        -0.8,
        0.8,
        0.3398503287111742,
        -0.4434366158543333,
        0.4434366158543333,
        0.330009308891082,
        0.8,
        -0.8,
        -0.3398503287111743,
        0.4434366158543333,
        -0.4434366158543333,
        0.3300093088910823,
        0.8,
        -0.8
    ],
    [
        0.3680577920167447,
        -0.46624157966131896,
        0.46624157966131896,
        -0.35888574279793006,
        -0.8,
        0.8,
        0.3680577920167447,
        -0.46624157966131896,
        0.46624157966131896,
        0.3588857427979299,
        0.8,
        -0.8,
        -0.36805779201674477,
        0.46624157966131896,
        -0.46624157966131896,
        0.3588857427979302,
        0.8,
        -0.8
    ],
    [
        0.39435390786004126,
        -0.49009230018921623,
        0.49009230018921623,
        -0.38587358225974555,
        -0.8,
        0.8,
        0.3943539078600412,
        -0.49009230018921623,
        0.49009230018921623,
        0.38587358225974544,
        0.8,
        -0.8,
        -0.3943539078600413,
        0.49009230018921623,
        -0.49009230018921623,
        0.38587358225974566,
        0.8,
        -0.8
    ],
    [
        0.41864740415107554,
        -0.5149001525367563,
        0.5149001525367563,
        -0.41087605362465784,
        -0.8,
        0.8,
        0.41864740415107543,
        -0.5149001525367563,
        0.5149001525367563,
        0.41087605362465773,
        0.8,
        -0.8,
        -0.41864740415107554,
        0.5149001525367563,
        -0.5149001525367563,
        0.4108760536246579,
        0.8,
        -0.8
    ],
    [
        0.4408638877289782,
        -0.5405881185126298,
        0.5405881185126298,
        -0.43381394914517424,
        -0.8,
        0.8,
        0.4408638877289781,
        -0.54058811851263,
        0.54058811851263,
        0.4338139491451741,
        0.8,
        -0.8,
        -0.4408638877289782,
        0.5405881185126298,
        -0.5405881185126298,
        0.4338139491451742,
        0.8,
        -0.8
    ],
    [
        0.4609445353279817,
        -0.5670893105916761,
        0.5670893105916761,
        -0.4546243474406766,
        -0.8,
        0.8,
        0.46094453532798163,
        -0.5670893105916762,
        0.5670893105916762,
        0.4546243474406766,
        0.8,
        -0.8,
        -0.4609445353279817,
        0.5670893105916761,
        -0.5670893105916761,
        0.45462434744067665,
        0.8,
        -0.8
    ],
    [
        0.4788445649463981,
        -0.5943452210792735,
        0.5943452210792735,
        -0.4732590852855938,
        -0.8,
        0.8,
        0.478844564946398,
        -0.5943452210792737,
        0.5943452210792737,
        0.47325908528559363,
        0.8,
        -0.8,
        -0.4788445649463981,
        0.5943452210792735,
        -0.5943452210792735,
        0.47325908528559374,
        0.8,
        -0.8
    ],
    [
        0.4945315611448221,
        -0.6223037306465481,
        0.6223037306465481,
        -0.48968305721506467,
        -0.8,
        0.8,
        0.4945315611448221,
        -0.6223037306465484,
        0.6223037306465484,
        0.48968305721506455,
        0.8,
        -0.8,
        -0.49453156114482216,
        0.6223037306465482,
        -0.6223037306465482,
        0.48968305721506467,
        0.8,
        -0.8
    ],
    [
        0.5079837055438815,
        -0.6509169171091053,
        0.6509169171091053,
        -0.5038723970420682,
        -0.8,
        0.8,
        0.5079837055438815,
        -0.6509169171091056,
        0.6509169171091056,
        0.503872397042068,
        0.8,
        -0.8,
        -0.5079837055438816,
        0.6509169171091055,
        -0.6509169171091055,
        0.5038723970420681,
        0.8,
        -0.8
    ],
    [
        0.5191880093534349,
        -0.6801387636566188,
        0.6801387636566188,
        -0.5158126448979278,
        -0.8,
        0.8,
        0.5191880093534349,
        -0.6801387636566192,
        0.6801387636566192,
        0.5158126448979277,
        0.8,
        -0.8,
        -0.5191880093534349,
        0.6801387636566191,
        -0.6801387636566191,
        0.5158126448979277,
        0.8,
        -0.8
    ],
    [
        0.528138629583887,
        -0.7099228014795047,
        0.7099228014795047,
        -0.5254969861921593,
        -0.8,
        0.8,
        0.5281386295838871,
        -0.709922801479505,
        0.709922801479505,
        0.5254969861921591,
        0.8,
        -0.8,
        -0.528138629583887,
        0.7099228014795048,
        -0.7099228014795048,
        0.5254969861921592,
        0.8,
        -0.8
    ],
    [
        0.5348352740364974,
        -0.7402196954406788,
        0.7402196954406788,
        -0.5329245677013686,
        -0.8,
        0.8,
        0.5348352740364974,
        -0.7402196954406791,
        0.7402196954406791,
        0.5329245677013688,
        0.8,
        -0.8,
        -0.5348352740364973,
        0.7402196954406789,
        -0.7402196954406789,
        0.5329245677013688,
        0.8,
        -0.8
    ],
    [
        0.5392818031885632,
        -0.7709748287499302,
        0.7709748287499302,
        -0.5380990058569756,
        -0.8,
        0.8,
        0.5392818031885632,
        -0.7709748287499304,
        0.7709748287499304,
        0.5380990058569752,
        0.8,
        -0.8,
        -0.5392818031885632,
        0.7709748287499303,
        -0.7709748287499303,
        0.5380990058569756,
        0.8,
        -0.8
    ],
    [
        0.5414850060066576,
        -0.8,
        0.8,
        -0.5410270618658742,
        -0.8,
        0.8,
        0.5414850060066576,
        -0.8,
        0.8,
        0.5410270618658741,
        0.8,
        -0.8,
        -0.5414850060066576,
        0.8,
        -0.8,
        0.5410270618658743,
        0.8,
        -0.8
    ],
    [
        0.5414536484297062,
        -0.8,
        0.8,
        -0.5417175897506983,
        -0.7935156329843361,
        0.7935156329843361,
        0.5414536484297062,
        -0.8,
        0.8,
        0.5417175897506983,
        0.7935156329843361,
        -0.7935156329843361,
        -0.5414536484297062,
        0.8,
        -0.8,
        0.5417175897506983,
        0.7935156329843353,
        -0.7935156329843353
    ],
    [
        0.539197758207808,
        -0.8,
        0.8,
        -0.5401807176500046,
        -0.7618096352977972,
        0.7618096352977972,
        0.5391977582078081,
        -0.8,
        0.8,
        0.5401807176500045,
        0.7618096352977973,
        -0.7618096352977973,
        -0.539197758207808,
        0.8,
        -0.8,
        0.5401807176500044,
        0.7618096352977963,
        -0.7618096352977963
    ],
    [
        0.5347282012904315,
        -0.8,
        0.8,
        -0.5364273200683087,
        -0.7298695375634136,
        0.7298695375634136,
        0.5347282012904316,
        -0.8,
        0.8,
        0.536427320068309,
        0.7298695375634137,
        -0.7298695375634137,
        -0.5347282012904316,
        0.8,
        -0.8,
        0.5364273200683085,
        0.7298695375634127,
        -0.7298695375634127
    ],
    [
        0.5280565491429648,
        -0.8,
        0.8,
        -0.5304687828072628,
        -0.6977999905466665,
        0.6977999905466665,
        0.5280565491429647,
        -0.8,
        0.8,
        0.5304687828072628,
        0.6977999905466665,
        -0.6977999905466665,
        -0.5280565491429647,
        0.8,
        -0.8,
        0.5304687828072627,
        0.6977999905466656,
        -0.6977999905466656
    ],
    [
        0.5191952512549137,
        -0.8,
        0.8,
        -0.5223170755993716,
        -0.6657221392964332,
        0.6657221392964332,
        0.5191952512549136,
        -0.8,
        0.8,
        0.5223170755993717,
        0.6657221392964332,
        -0.6657221392964332,
        -0.5191952512549137,
        0.8,
        -0.8,
        0.5223170755993713,
        0.6657221392964323,
        -0.6657221392964323
    ],
    [
        0.5081581128836933,
        -0.8,
        0.8,
        -0.5119851346956603,
        -0.6337747858548133,
        0.6337747858548133,
        0.5081581128836932,
        -0.8,
        0.8,
        0.5119851346956603,
        0.6337747858548133,
        -0.6337747858548133,
        -0.5081581128836932,
        0.8,
        -0.8,
        0.5119851346956602,
        0.6337747858548125,
        -0.6337747858548125
    ],
    [
        0.49496107407651513,
        -0.8,
        0.8,
        -0.4994875545338478,
        -0.6021149867279338,
        0.6021149867279338,
        0.4949610740765152,
        -0.8,
        0.8,
        0.4994875545338478,
        0.6021149867279338,
        -0.6021149867279338,
        -0.4949610740765152,
        0.8,
        -0.8,
        0.4994875545338477,
        0.6021149867279331,
        -0.6021149867279331
    ],
    [
        0.4796232809802272,
        -0.8,
        0.8,
        -0.48484158290813134,
        -0.5709179597065644,
        0.5709179597065644,
        0.4796232809802271,
        -0.8,
        0.8,
        0.48484158290813145,
        0.5709179597065643,
        -0.5709179597065643,
        -0.4796232809802271,
        0.8,
        -0.8,
        0.48484158290813123,
        0.5709179597065637,
        -0.5709179597065637
    ],
    [
        0.46216841880695464,
        -0.8,
        0.8,
        -0.4680683940870872,
        -0.5403761504792992,
        0.5403761504792992,
        0.4621684188069544,
        -0.8,
        0.8,
        0.4680683940870874,
        0.5403761504792992,
        -0.5403761504792992,
        -0.46216841880695453,
        0.8,
        -0.8,
        0.4680683940870873,
        0.5403761504792985,
        -0.5403761504792985
    ],
    [
        0.4426262796193343,
        -0.8,
        0.8,
        -0.4491946176171102,
        -0.5106973627192308,
        0.5106973627192308,
        0.4426262796193342,
        -0.8,
        0.8,
        0.44919461761711044,
        0.5106973627192308,
        -0.5106973627192308,
        -0.4426262796193344,
        0.8,
        -0.8,
        0.4491946176171101,
        0.5106973627192302,
        -0.5106973627192302
    ],
    [
        0.4210345106253762,
        -0.8,
        0.8,
        -0.42825407442327407,
        -0.482101865442774,
        0.482101865442774,
        0.421034510625376,
        -0.8,
        0.8,
        0.4282540744232742,
        0.482101865442774,
        -0.482101865442774,
        -0.4210345106253763,
        0.8,
        -0.8,
        0.42825407442327396,
        0.48210186544277345,
        -0.48210186544277345
    ],
    [
        0.39744047943316474,
        -0.8,
        0.8,
        -0.40528966195271826,
        -0.4548184546586619,
        0.4548184546586619,
        0.3974404794331646,
        -0.8,
        0.8,
        0.4052896619527184,
        0.4548184546586619,
        -0.4548184546586619,
        -0.3974404794331648,
        0.8,
        -0.8,
        0.40528966195271826,
        0.45481845465866133,
        -0.45481845465866133
    ],
    [
        0.3719031756688042,
        -0.8,
        0.8,
        -0.38035531234899217,
        -0.4290795189959386,
        0.4290795189959386,
        0.37190317566880404,
        -0.8,
        0.8,
        0.3803553123489923,
        0.4290795189959386,
        -0.4290795189959386,
        -0.37190317566880426,
        0.8,
        -0.8,
        0.3803553123489921,
        0.4290795189959381,
        -0.4290795189959381
    ],
    [
        0.34449505513565704,
        -0.8,
        0.8,
        -0.35351793280224,
        -0.40511524765261614,
        0.40511524765261614,
        0.34449505513565676,
        -0.8,
        0.8,
        0.3535179328022401,
        0.40511524765261614,
        -0.40511524765261614,
        -0.344495055135657,
        0.8,
        -0.8,
        0.3535179328022399,
        0.40511524765261575,
        -0.40511524765261575
    ],
    [
        0.31530371552464015,
        -0.8,
        0.8,
        -0.3248592176265227,
        -0.38314720972779687,
        0.38314720972779687,
        0.31530371552463976,
        -0.8,
        0.8,
        0.3248592176265227,
        0.38314720972779687,
        -0.38314720972779687,
        -0.31530371552464004,
        0.8,
        -0.8,
        0.32485921762652264,
        0.38314720972779653,
        -0.38314720972779653
    ],
    [
        0.28443330008904416,
        -0.8,
        0.8,
        -0.29447722588129893,
        -0.36338163405017276,
        0.36338163405017276,
        0.2844333000890437,
        -0.8,
        0.8,
        0.29447722588129893,
        0.36338163405017276,
        -0.36338163405017276,
        -0.2844333000890439,
        0.8,
        -0.8,
        0.2944772258812989,
        0.3633816340501724,
        -0.3633816340501724
    ],
    [
        0.2520055116152558,
        -0.8,
        0.8,
        -0.26248760070149674,
        -0.34600278073614343,
        0.34600278073614343,
        0.2520055116152553,
        -0.8,
        0.8,
        0.26248760070149685,
        0.34600278073614343,
        -0.34600278073614343,
        -0.25200551161525553,
        0.8,
        -0.8,
        0.2624876007014966,
        0.34600278073614316,
        -0.34600278073614316
    ],
    [
        0.21816013757041328,
        -0.8,
        0.8,
        -0.22902432148007096,
        -0.3311668424265859,
        0.3311668424265859,
        0.2181601375704128,
        -0.8,
        0.8,
        0.22902432148007107,
        0.3311668424265859,
        -0.3311668424265859,
        -0.21816013757041297,
        0.8,
        -0.8,
        0.22902432148007082,
        0.33116684242658556,
        -0.33116684242658556
    ],
    [
        0.18305500300878907,
        -0.8,
        0.8,
        -0.19423989257189578,
        -0.31899680969736816,
        0.31899680969736816,
        0.18305500300878852,
        -0.8,
        0.8,
        0.19423989257189586,
        0.3189968096973681,
        -0.3189968096973681,
        -0.18305500300878874,
        0.8,
        -0.8,
        0.19423989257189556,
        0.3189968096973678,
        -0.3189968096973678
    ],
    [
        0.1468652948514942,
        -0.8,
        0.8,
        -0.15830489706024242,
        -0.3095786862042902,
        0.3095786862042902,
        0.1468652948514938,
        -0.8,
        0.8,
        0.15830489706024256,
        0.30957868620429013,
        -0.30957868620429013,
        -0.14686529485149394,
        0.8,
        -0.8,
        0.15830489706024217,
        0.30957868620428997,
        -0.30957868620428997
    ],
    [
        0.10978223467373012,
        -0.8,
        0.8,
        -0.12140687686086082,
        -0.3029593420102761,
        0.3029593420102761,
        0.1097822346737298,
        -0.8,
        0.8,
        0.12140687686086096,
        0.30295934201027597,
        -0.30295934201027597,
        -0.10978223467372995,
        0.8,
        -0.8,
        0.12140687686086049,
        0.3029593420102759,
        -0.3029593420102759
    ],
    [
        0.07201112189212032,
        -0.8,
        0.8,
        -0.08374854603827236,
        -0.2991461627356252,
        0.2991461627356252,
        0.07201112189212003,
        -0.8,
        0.8,
        0.08374854603827252,
        0.29914616273562533,
        -0.29914616273562533,
        -0.0720111218921202,
        0.8,
        -0.8,
        0.08374854603827203,
        0.2991461627356251,
        -0.2991461627356251
    ],
    [
        0.03376879185891711,
        -0.8,
        0.8,
        -0.045545369442687694,
        -0.29810849557589647,
        0.29810849557589647,
        0.03376879185891683,
        -0.8,
        0.8,
        0.04554536944268779,
        0.29810849557589647,
        -0.29810849557589647,
        -0.033768791858917006,
        0.8,
        -0.8,
        0.045545369442687264,
        0.29810849557589647,
        -0.29810849557589647
    ],
    [
        -0.004719401522508721,
        -0.8,
        0.8,
        -0.0070226075571648275,
        -0.2997807476332882,
        0.2997807476332882,
        -0.004719401522508997,
        -0.8,
        0.8,
        0.007022607557164891,
        0.2997807476332882,
        -0.2997807476332882,
        0.004719401522508807,
        0.8,
        -0.8,
        0.007022607557164393,
        0.2997807476332883,
        -0.2997807476332883
    ]
]